176.5,1100.0,-179.0,11.0,179.3,
176.5,1320.0,-214.8,13.2,215.2,
158.7,3697.0,-1336.8,522.0,1435.1,
159.1,3917.0,-1372.6,524.2,1469.3,
186.3,4515.0,-819.0,-91.0,824.0,
180.4,4823.7,-993.4,-6.7,993.5,
187.9,4877.8,-831.0,-115.0,838.9,
181.8,5186.5,-1005.4,-30.7,1005.9,
180.9,4480.0,-840.8,-13.4,840.9,
176.0,4788.7,-1015.3,70.8,1017.7,
182.5,4842.8,-852.8,-37.4,853.7,
177.4,5151.5,-1027.3,46.8,1028.3,
185.0,5055.2,-970.8,-85.2,974.5,
180.0,5363.9,-1145.2,-0.9,1145.2,
186.3,5418.0,-982.8,-109.2,988.8,
181.2,5726.7,-1157.2,-24.9,1157.5,
180.4,5020.2,-992.6,-7.6,992.7,
176.2,5328.9,-1167.1,76.6,1169.6,
181.8,5383.0,-1004.6,-31.6,1005.1,
177.4,5691.7,-1179.1,52.6,1180.3,
187.8,4521.2,-830.5,-113.3,838.2,
181.7,4829.9,-1004.9,-29.1,1005.3,
189.3,4884.0,-842.5,-137.3,853.6,
183.0,5192.7,-1016.9,-53.1,1018.3,
182.4,4486.2,-852.3,-35.8,853.1,
177.3,4794.9,-1026.7,48.5,1027.9,
184.0,4849.0,-864.3,-59.8,866.4,
178.6,5157.7,-1038.7,24.5,1039.0,
186.2,5061.4,-982.3,-107.5,988.1,
181.2,5370.1,-1156.7,-23.3,1156.9,
187.5,5424.2,-994.3,-131.5,1002.9,
182.3,5732.9,-1168.7,-47.3,1169.7,
181.7,5026.4,-1004.1,-30.0,1004.6,
177.4,5335.1,-1178.5,54.3,1179.8,
183.0,5389.2,-1016.1,-54.0,1017.5,
178.5,5697.9,-1190.5,30.3,1190.9,
186.3,4515.0,-819.0,-91.0,824.0,
180.4,4823.7,-993.4,-6.7,993.5,
187.9,4877.8,-831.0,-115.0,838.9,
181.8,5186.5,-1005.4,-30.7,1005.9,
185.0,5055.2,-970.8,-85.2,974.5,
180.0,5363.9,-1145.2,-0.9,1145.2,
186.3,5418.0,-982.8,-109.2,988.8,
181.2,5726.7,-1157.2,-24.9,1157.5,
191.9,4480.0,-797.2,-168.6,814.8,
185.0,4788.7,-971.6,-84.3,975.2,
193.4,4842.8,-809.2,-192.6,831.8,
186.3,5151.5,-983.6,-108.3,989.5,
189.7,5020.2,-949.0,-162.8,962.8,
184.0,5328.9,-1123.4,-78.5,1126.1,
191.0,5383.0,-961.0,-186.8,978.9,
185.2,5691.7,-1135.4,-102.5,1140.0,
187.8,4521.2,-830.5,-113.3,838.2,
181.7,4829.9,-1004.9,-29.1,1005.3,
189.3,4884.0,-842.5,-137.3,853.6,
183.0,5192.7,-1016.9,-53.1,1018.3,
186.2,5061.4,-982.3,-107.5,988.1,
181.2,5370.1,-1156.7,-23.3,1156.9,
187.5,5424.2,-994.3,-131.5,1002.9,
182.3,5732.9,-1168.7,-47.3,1169.7,
193.3,4486.2,-808.6,-190.9,830.9,
186.2,4794.9,-983.1,-106.6,988.8,
194.7,4849.0,-820.6,-214.9,848.3,
187.5,5157.7,-995.1,-130.6,1003.6,
190.9,5026.4,-960.4,-185.1,978.1,
185.1,5335.1,-1134.9,-100.8,1139.3,
192.1,5389.2,-972.4,-209.1,994.7,
186.2,5697.9,-1146.9,-124.8,1153.6,
186.3,4515.0,-819.0,-91.0,824.0,
180.4,4823.7,-993.4,-6.7,993.5,
187.9,4877.8,-831.0,-115.0,838.9,
181.8,5186.5,-1005.4,-30.7,1005.9,
185.0,5055.2,-970.8,-85.2,974.5,
180.0,5363.9,-1145.2,-0.9,1145.2,
186.3,5418.0,-982.8,-109.2,988.8,
181.2,5726.7,-1157.2,-24.9,1157.5,
187.8,4521.2,-830.5,-113.3,838.2,
181.7,4829.9,-1004.9,-29.1,1005.3,
189.3,4884.0,-842.5,-137.3,853.6,
183.0,5192.7,-1016.9,-53.1,1018.3,
186.2,5061.4,-982.3,-107.5,988.1,
181.2,5370.1,-1156.7,-23.3,1156.9,
187.5,5424.2,-994.3,-131.5,1002.9,
182.3,5732.9,-1168.7,-47.3,1169.7,
184.2,4517.8,-893.2,-65.8,895.6,
179.0,4826.5,-1067.6,18.5,1067.8,
185.7,4880.6,-905.2,-89.8,909.6,
180.3,5189.3,-1079.6,-5.5,1079.7,
183.3,5058.0,-1045.0,-60.0,1046.7,
178.9,5366.7,-1219.4,24.3,1219.7,
184.5,5420.8,-1057.0,-84.0,1060.3,
180.0,5729.5,-1231.4,0.3,1231.4,
185.6,4524.0,-904.7,-88.1,908.9,
180.2,4832.7,-1079.1,-3.9,1079.1,
187.0,4886.8,-916.7,-112.1,923.5,
181.5,5195.5,-1091.1,-27.9,1091.5,
184.5,5064.2,-1056.5,-82.3,1059.7,
179.9,5372.9,-1230.9,1.9,1230.9,
185.7,5427.0,-1068.5,-106.3,1073.7,
181.0,5735.7,-1242.9,-22.1,1243.1,
186.3,4515.0,-819.0,-91.0,824.0,
180.4,4823.7,-993.4,-6.7,993.5,
187.9,4877.8,-831.0,-115.0,838.9,
181.8,5186.5,-1005.4,-30.7,1005.9,
185.0,5055.2,-970.8,-85.2,974.5,
180.0,5363.9,-1145.2,-0.9,1145.2,
186.3,5418.0,-982.8,-109.2,988.8,
181.2,5726.7,-1157.2,-24.9,1157.5,
188.9,4517.8,-744.8,-116.2,753.8,
182.0,4826.5,-919.2,-31.9,919.8,
190.5,4880.6,-756.8,-140.2,769.7,
183.4,5189.3,-931.2,-55.9,932.9,
187.0,5058.0,-896.6,-110.4,903.4,
181.4,5366.7,-1071.0,-26.1,1071.4,
188.4,5420.8,-908.6,-134.4,918.5,
182.6,5729.5,-1083.0,-50.1,1084.2,
187.8,4521.2,-830.5,-113.3,838.2,
181.7,4829.9,-1004.9,-29.1,1005.3,
189.3,4884.0,-842.5,-137.3,853.6,
183.0,5192.7,-1016.9,-53.1,1018.3,
186.2,5061.4,-982.3,-107.5,988.1,
181.2,5370.1,-1156.7,-23.3,1156.9,
187.5,5424.2,-994.3,-131.5,1002.9,
182.3,5732.9,-1168.7,-47.3,1169.7,
190.4,4524.0,-756.3,-138.5,768.9,
183.3,4832.7,-930.7,-54.3,932.3,
191.9,4886.8,-768.3,-162.5,785.3,
184.7,5195.5,-942.7,-78.3,945.9,
188.3,5064.2,-908.1,-132.7,917.7,
182.6,5372.9,-1082.5,-48.5,1083.6,
189.7,5427.0,-920.1,-156.7,933.3,
183.8,5735.7,-1094.5,-72.5,1096.9,
186.3,4515.0,-819.0,-91.0,824.0,
178.4,4956.0,-1068.2,29.4,1068.6,
187.9,4877.8,-831.0,-115.0,838.9,
179.7,5318.8,-1080.2,5.4,1080.2,
185.0,5055.2,-970.8,-85.2,974.5,
178.3,5496.2,-1220.0,35.2,1220.5,
186.3,5418.0,-982.8,-109.2,988.8,
179.5,5859.0,-1232.0,11.2,1232.1,
186.3,4515.0,-819.0,-91.0,824.0,
178.4,4956.0,-1068.2,29.4,1068.6,
187.9,4877.8,-831.0,-115.0,838.9,
179.7,5318.8,-1080.2,5.4,1080.2,
185.0,5055.2,-970.8,-85.2,974.5,
178.3,5496.2,-1220.0,35.2,1220.5,
186.3,5418.0,-982.8,-109.2,988.8,
179.5,5859.0,-1232.0,11.2,1232.1,
187.8,4521.2,-830.5,-113.3,838.2,
179.6,4962.2,-1079.7,7.1,1079.7,
189.3,4884.0,-842.5,-137.3,853.6,
180.9,5325.0,-1091.7,-16.9,1091.8,
186.2,5061.4,-982.3,-107.5,988.1,
179.4,5502.4,-1231.5,12.9,1231.5,
187.5,5424.2,-994.3,-131.5,1002.9,
180.5,5865.2,-1243.5,-11.1,1243.5,
187.8,4521.2,-830.5,-113.3,838.2,
179.6,4962.2,-1079.7,7.1,1079.7,
189.3,4884.0,-842.5,-137.3,853.6,
180.9,5325.0,-1091.7,-16.9,1091.8,
186.2,5061.4,-982.3,-107.5,988.1,
179.4,5502.4,-1231.5,12.9,1231.5,
187.5,5424.2,-994.3,-131.5,1002.9,
180.5,5865.2,-1243.5,-11.1,1243.5,
187.2,3389.6,-617.3,-77.6,622.1,
185.7,3794.7,-731.1,-73.2,734.8,
187.2,3389.6,-617.3,-77.6,622.1,
185.7,3794.7,-731.1,-73.2,734.8,
188.7,3661.7,-626.3,-95.6,633.5,
187.0,4066.8,-740.1,-91.2,745.7,
188.7,3661.7,-626.3,-95.6,633.5,
187.0,4066.8,-740.1,-91.2,745.7,
187.3,3390.1,-618.1,-79.3,623.2,
185.8,3795.2,-732.0,-74.9,735.8,
187.3,3390.1,-618.1,-79.3,623.2,
185.8,3795.2,-732.0,-74.9,735.8,
188.8,3662.2,-627.1,-97.3,634.7,
187.1,4067.3,-741.0,-92.9,746.8,
188.8,3662.2,-627.1,-97.3,634.7,
187.1,4067.3,-741.0,-92.9,746.8,
187.0,3389.6,-619.5,-76.3,624.2,
185.6,3794.7,-733.4,-71.9,736.9,
187.0,3389.6,-619.5,-76.3,624.2,
185.6,3794.7,-733.4,-71.9,736.9,
188.5,3661.7,-628.5,-94.3,635.6,
186.9,4066.8,-742.4,-89.9,747.8,
188.5,3661.7,-628.5,-94.3,635.6,
186.9,4066.8,-742.4,-89.9,747.8,
187.2,3390.1,-620.4,-78.0,625.3,
185.7,3795.2,-734.3,-73.6,737.9,
187.2,3390.1,-620.4,-78.0,625.3,
185.7,3795.2,-734.3,-73.6,737.9,
188.7,3662.2,-629.4,-96.0,636.7,
187.0,4067.3,-743.3,-91.6,748.9,
188.7,3662.2,-629.4,-96.0,636.7,
187.0,4067.3,-743.3,-91.6,748.9,
187.1,3389.6,-617.8,-77.3,622.6,
185.7,3794.7,-731.6,-73.0,735.2,
187.1,3389.6,-617.8,-77.3,622.6,
185.7,3794.7,-731.6,-73.0,735.2,
188.6,3661.7,-626.8,-95.3,634.0,
187.0,4066.8,-740.6,-91.0,746.2,
188.6,3661.7,-626.8,-95.3,634.0,
187.0,4066.8,-740.6,-91.0,746.2,
187.3,3390.1,-618.6,-79.0,623.7,
185.8,3795.2,-732.5,-74.7,736.3,
187.3,3390.1,-618.6,-79.0,623.7,
185.8,3795.2,-732.5,-74.7,736.3,
188.8,3662.2,-627.6,-97.0,635.1,
187.1,4067.3,-741.5,-92.7,747.2,
188.8,3662.2,-627.6,-97.0,635.1,
187.1,4067.3,-741.5,-92.7,747.2,
187.0,3389.6,-620.0,-76.0,624.6,
185.6,3794.7,-733.9,-71.7,737.3,
187.0,3389.6,-620.0,-76.0,624.6,
185.6,3794.7,-733.9,-71.7,737.3,
188.5,3661.7,-629.0,-94.0,636.0,
186.9,4066.8,-742.9,-89.7,748.2,
188.5,3661.7,-629.0,-94.0,636.0,
186.9,4066.8,-742.9,-89.7,748.2,
187.1,3390.1,-620.9,-77.7,625.7,
185.7,3795.2,-734.7,-73.4,738.4,
187.1,3390.1,-620.9,-77.7,625.7,
185.7,3795.2,-734.7,-73.4,738.4,
188.6,3662.2,-629.9,-95.7,637.1,
187.0,4067.3,-743.7,-91.4,749.3,
188.6,3662.2,-629.9,-95.7,637.1,
187.0,4067.3,-743.7,-91.4,749.3,
187.2,3389.6,-617.3,-77.6,622.1,
185.7,3794.7,-731.1,-73.2,734.8,
187.2,3389.6,-617.3,-77.6,622.1,
185.7,3794.7,-731.1,-73.2,734.8,
188.7,3661.7,-626.3,-95.6,633.5,
187.0,4066.8,-740.1,-91.2,745.7,
188.7,3661.7,-626.3,-95.6,633.5,
187.0,4066.8,-740.1,-91.2,745.7,
187.3,3390.1,-618.1,-79.3,623.2,
185.8,3795.2,-732.0,-74.9,735.8,
187.3,3390.1,-618.1,-79.3,623.2,
185.8,3795.2,-732.0,-74.9,735.8,
188.8,3662.2,-627.1,-97.3,634.7,
187.1,4067.3,-741.0,-92.9,746.8,
188.8,3662.2,-627.1,-97.3,634.7,
187.1,4067.3,-741.0,-92.9,746.8,
187.0,3389.6,-619.5,-76.3,624.2,
185.6,3794.7,-733.4,-71.9,736.9,
187.0,3389.6,-619.5,-76.3,624.2,
185.6,3794.7,-733.4,-71.9,736.9,
188.5,3661.7,-628.5,-94.3,635.6,
186.9,4066.8,-742.4,-89.9,747.8,
188.5,3661.7,-628.5,-94.3,635.6,
186.9,4066.8,-742.4,-89.9,747.8,
187.2,3390.1,-620.4,-78.0,625.3,
185.7,3795.2,-734.3,-73.6,737.9,
187.2,3390.1,-620.4,-78.0,625.3,
185.7,3795.2,-734.3,-73.6,737.9,
188.7,3662.2,-629.4,-96.0,636.7,
187.0,4067.3,-743.3,-91.6,748.9,
188.7,3662.2,-629.4,-96.0,636.7,
187.0,4067.3,-743.3,-91.6,748.9,
187.1,3389.6,-617.8,-77.3,622.6,
185.7,3794.7,-731.6,-73.0,735.2,
187.1,3389.6,-617.8,-77.3,622.6,
185.7,3794.7,-731.6,-73.0,735.2,
188.6,3661.7,-626.8,-95.3,634.0,
187.0,4066.8,-740.6,-91.0,746.2,
188.6,3661.7,-626.8,-95.3,634.0,
187.0,4066.8,-740.6,-91.0,746.2,
187.3,3390.1,-618.6,-79.0,623.7,
185.8,3795.2,-732.5,-74.7,736.3,
187.3,3390.1,-618.6,-79.0,623.7,
185.8,3795.2,-732.5,-74.7,736.3,
188.8,3662.2,-627.6,-97.0,635.1,
187.1,4067.3,-741.5,-92.7,747.2,
188.8,3662.2,-627.6,-97.0,635.1,
187.1,4067.3,-741.5,-92.7,747.2,
187.0,3389.6,-620.0,-76.0,624.6,
185.6,3794.7,-733.9,-71.7,737.3,
187.0,3389.6,-620.0,-76.0,624.6,
185.6,3794.7,-733.9,-71.7,737.3,
188.5,3661.7,-629.0,-94.0,636.0,
186.9,4066.8,-742.9,-89.7,748.2,
188.5,3661.7,-629.0,-94.0,636.0,
186.9,4066.8,-742.9,-89.7,748.2,
187.1,3390.1,-620.9,-77.7,625.7,
185.7,3795.2,-734.7,-73.4,738.4,
187.1,3390.1,-620.9,-77.7,625.7,
185.7,3795.2,-734.7,-73.4,738.4,
188.6,3662.2,-629.9,-95.7,637.1,
187.0,4067.3,-743.7,-91.4,749.3,
188.6,3662.2,-629.9,-95.7,637.1,
187.0,4067.3,-743.7,-91.4,749.3,
186.3,4515.0,-819.0,-91.0,824.0,
180.4,4823.7,-993.4,-6.7,993.5,
187.9,4877.8,-831.0,-115.0,838.9,
181.8,5186.5,-1005.4,-30.7,1005.9,
185.0,5055.2,-970.8,-85.2,974.5,
180.0,5363.9,-1145.2,-0.9,1145.2,
186.3,5418.0,-982.8,-109.2,988.8,
181.2,5726.7,-1157.2,-24.9,1157.5,
186.3,4515.0,-819.0,-91.0,824.0,
180.4,4823.7,-993.4,-6.7,993.5,
187.9,4877.8,-831.0,-115.0,838.9,
181.8,5186.5,-1005.4,-30.7,1005.9,
185.0,5055.2,-970.8,-85.2,974.5,
180.0,5363.9,-1145.2,-0.9,1145.2,
186.3,5418.0,-982.8,-109.2,988.8,
181.2,5726.7,-1157.2,-24.9,1157.5,
188.4,4523.8,-835.4,-122.9,844.4,
182.2,4832.5,-1009.8,-38.6,1010.6,
189.8,4886.6,-847.4,-146.9,860.0,
183.5,5195.3,-1021.8,-62.6,1023.7,
186.8,5064.0,-987.2,-117.1,994.1,
181.6,5372.7,-1161.6,-32.8,1162.1,
188.0,5426.8,-999.2,-141.1,1009.1,
182.8,5735.5,-1173.6,-56.8,1175.0,
188.4,4523.8,-835.4,-122.9,844.4,
182.2,4832.5,-1009.8,-38.6,1010.6,
189.8,4886.6,-847.4,-146.9,860.0,
183.5,5195.3,-1021.8,-62.6,1023.7,
186.8,5064.0,-987.2,-117.1,994.1,
181.6,5372.7,-1161.6,-32.8,1162.1,
188.0,5426.8,-999.2,-141.1,1009.1,
182.8,5735.5,-1173.6,-56.8,1175.0,
186.3,4515.0,-819.0,-91.0,824.0,
180.4,4823.7,-993.4,-6.7,993.5,
187.9,4877.8,-831.0,-115.0,838.9,
181.8,5186.5,-1005.4,-30.7,1005.9,
185.0,5055.2,-970.8,-85.2,974.5,
180.0,5363.9,-1145.2,-0.9,1145.2,
186.3,5418.0,-982.8,-109.2,988.8,
181.2,5726.7,-1157.2,-24.9,1157.5,
186.3,4515.0,-819.0,-91.0,824.0,
180.4,4823.7,-993.4,-6.7,993.5,
187.9,4877.8,-831.0,-115.0,838.9,
181.8,5186.5,-1005.4,-30.7,1005.9,
185.0,5055.2,-970.8,-85.2,974.5,
180.0,5363.9,-1145.2,-0.9,1145.2,
186.3,5418.0,-982.8,-109.2,988.8,
181.2,5726.7,-1157.2,-24.9,1157.5,
187.8,4521.2,-830.5,-113.3,838.2,
181.7,4829.9,-1004.9,-29.1,1005.3,
189.3,4884.0,-842.5,-137.3,853.6,
183.0,5192.7,-1016.9,-53.1,1018.3,
186.2,5061.4,-982.3,-107.5,988.1,
181.2,5370.1,-1156.7,-23.3,1156.9,
187.5,5424.2,-994.3,-131.5,1002.9,
182.3,5732.9,-1168.7,-47.3,1169.7,
187.8,4521.2,-830.5,-113.3,838.2,
181.7,4829.9,-1004.9,-29.1,1005.3,
189.3,4884.0,-842.5,-137.3,853.6,
183.0,5192.7,-1016.9,-53.1,1018.3,
186.2,5061.4,-982.3,-107.5,988.1,
181.2,5370.1,-1156.7,-23.3,1156.9,
187.5,5424.2,-994.3,-131.5,1002.9,
182.3,5732.9,-1168.7,-47.3,1169.7,
186.3,4515.0,-819.0,-91.0,824.0,
180.4,4823.7,-993.4,-6.7,993.5,
187.9,4877.8,-831.0,-115.0,838.9,
181.8,5186.5,-1005.4,-30.7,1005.9,
183.1,4494.0,-832.1,-44.5,833.3,
177.7,4802.7,-1006.5,39.8,1007.3,
184.6,4856.8,-844.1,-68.5,846.9,
179.1,5165.5,-1018.5,15.8,1018.7,
185.0,5055.2,-970.8,-85.2,974.5,
180.0,5363.9,-1145.2,-0.9,1145.2,
186.3,5418.0,-982.8,-109.2,988.8,
181.2,5726.7,-1157.2,-24.9,1157.5,
182.3,5034.2,-983.9,-38.7,984.7,
177.7,5342.9,-1158.3,45.6,1159.2,
183.6,5397.0,-995.9,-62.7,997.9,
178.9,5705.7,-1170.3,21.6,1170.5,
188.4,4523.8,-835.4,-122.9,844.4,
182.2,4832.5,-1009.8,-38.6,1010.6,
189.8,4886.6,-847.4,-146.9,860.0,
183.5,5195.3,-1021.8,-62.6,1023.7,
185.1,4502.8,-848.5,-76.4,851.9,
179.6,4811.5,-1022.9,7.9,1023.0,
186.7,4865.6,-860.5,-100.4,866.3,
180.9,5174.3,-1034.9,-16.1,1035.0,
186.8,5064.0,-987.2,-117.1,994.1,
181.6,5372.7,-1161.6,-32.8,1162.1,
188.0,5426.8,-999.2,-141.1,1009.1,
182.8,5735.5,-1173.6,-56.8,1175.0,
184.0,5043.0,-1000.3,-70.6,1002.8,
179.3,5351.7,-1174.7,13.7,1174.8,
185.3,5405.8,-1012.3,-94.6,1016.7,
180.5,5714.5,-1186.7,-10.3,1186.8,
186.3,4515.0,-819.0,-91.0,824.0,
180.4,4823.7,-993.4,-6.7,993.5,
187.9,4877.8,-831.0,-115.0,838.9,
181.8,5186.5,-1005.4,-30.7,1005.9,
185.0,5055.2,-970.8,-85.2,974.5,
180.0,5363.9,-1145.2,-0.9,1145.2,
186.3,5418.0,-982.8,-109.2,988.8,
181.2,5726.7,-1157.2,-24.9,1157.5,
189.7,4494.0,-805.9,-137.5,817.5,
183.1,4802.7,-980.3,-53.3,981.8,
191.2,4856.8,-817.9,-161.5,833.7,
184.5,5165.5,-992.3,-77.3,995.3,
187.8,5034.2,-957.7,-131.7,966.7,
182.4,5342.9,-1132.1,-47.5,1133.1,
189.1,5397.0,-969.7,-155.7,982.1,
183.6,5705.7,-1144.1,-71.5,1146.4,
188.4,4523.8,-835.4,-122.9,844.4,
182.2,4832.5,-1009.8,-38.6,1010.6,
189.8,4886.6,-847.4,-146.9,860.0,
183.5,5195.3,-1021.8,-62.6,1023.7,
186.8,5064.0,-987.2,-117.1,994.1,
181.6,5372.7,-1161.6,-32.8,1162.1,
188.0,5426.8,-999.2,-141.1,1009.1,
182.8,5735.5,-1173.6,-56.8,1175.0,
191.6,4502.8,-822.3,-169.5,839.6,
184.9,4811.5,-996.7,-85.2,1000.3,
193.1,4865.6,-834.3,-193.5,856.4,
186.2,5174.3,-1008.7,-109.2,1014.6,
189.5,5043.0,-974.1,-163.7,987.7,
184.0,5351.7,-1148.5,-79.4,1151.3,
190.8,5405.8,-986.1,-187.7,1003.8,
185.1,5714.5,-1160.5,-103.4,1165.1,
186.3,4515.0,-819.0,-91.0,824.0,
180.4,4823.7,-993.4,-6.7,993.5,
187.9,4877.8,-831.0,-115.0,838.9,
181.8,5186.5,-1005.4,-30.7,1005.9,
185.0,5055.2,-970.8,-85.2,974.5,
180.0,5363.9,-1145.2,-0.9,1145.2,
186.3,5418.0,-982.8,-109.2,988.8,
181.2,5726.7,-1157.2,-24.9,1157.5,
188.4,4523.8,-835.4,-122.9,844.4,
182.2,4832.5,-1009.8,-38.6,1010.6,
189.8,4886.6,-847.4,-146.9,860.0,
183.5,5195.3,-1021.8,-62.6,1023.7,
186.8,5064.0,-987.2,-117.1,994.1,
181.6,5372.7,-1161.6,-32.8,1162.1,
188.0,5426.8,-999.2,-141.1,1009.1,
182.8,5735.5,-1173.6,-56.8,1175.0,
185.0,4516.7,-863.5,-75.9,866.8,
179.5,4825.4,-1038.0,8.4,1038.0,
186.5,4879.5,-875.5,-99.9,881.2,
180.9,5188.2,-1050.0,-15.6,1050.1,
183.9,5056.9,-1015.3,-70.1,1017.7,
179.3,5365.6,-1189.8,14.2,1189.8,
185.2,5419.7,-1027.3,-94.1,1031.6,
180.5,5728.4,-1201.8,-9.8,1201.8,
187.0,4525.5,-879.9,-107.8,886.5,
181.3,4834.2,-1054.3,-23.5,1054.6,
188.4,4888.3,-891.9,-131.8,901.6,
182.6,5197.0,-1066.3,-47.5,1067.4,
185.6,5065.7,-1031.7,-102.0,1036.7,
180.8,5374.4,-1206.1,-17.7,1206.3,
186.9,5428.5,-1043.7,-126.0,1051.3,
182.0,5737.2,-1218.1,-41.7,1218.9,
186.3,4515.0,-819.0,-91.0,824.0,
180.4,4823.7,-993.4,-6.7,993.5,
187.9,4877.8,-831.0,-115.0,838.9,
181.8,5186.5,-1005.4,-30.7,1005.9,
185.0,5055.2,-970.8,-85.2,974.5,
180.0,5363.9,-1145.2,-0.9,1145.2,
186.3,5418.0,-982.8,-109.2,988.8,
181.2,5726.7,-1157.2,-24.9,1157.5,
187.8,4516.7,-774.5,-106.1,781.7,
181.3,4825.4,-948.9,-21.8,949.2,
189.4,4879.5,-786.5,-130.1,797.2,
182.7,5188.2,-960.9,-45.8,962.0,
186.2,5056.9,-926.3,-100.3,931.7,
180.8,5365.6,-1100.7,-16.0,1100.8,
187.5,5419.7,-938.3,-124.3,946.5,
182.1,5728.4,-1112.7,-40.0,1113.4,
188.4,4523.8,-835.4,-122.9,844.4,
182.2,4832.5,-1009.8,-38.6,1010.6,
189.8,4886.6,-847.4,-146.9,860.0,
183.5,5195.3,-1021.8,-62.6,1023.7,
186.8,5064.0,-987.2,-117.1,994.1,
181.6,5372.7,-1161.6,-32.8,1162.1,
188.0,5426.8,-999.2,-141.1,1009.1,
182.8,5735.5,-1173.6,-56.8,1175.0,
189.9,4525.5,-790.9,-138.0,802.8,
183.2,4834.2,-965.3,-53.8,966.8,
191.4,4888.3,-802.9,-162.0,819.0,
184.5,5197.0,-977.3,-77.8,980.4,
188.0,5065.7,-942.7,-132.2,951.9,
182.5,5374.4,-1117.1,-48.0,1118.1,
189.3,5428.5,-954.7,-156.2,967.4,
183.6,5737.2,-1129.1,-72.0,1131.4,
187.1,3389.0,-618.1,-77.1,622.9,
185.7,3794.1,-732.0,-72.8,735.6,
187.1,3389.0,-618.1,-77.1,622.9,
185.7,3794.1,-732.0,-72.8,735.6,
188.6,3661.1,-627.1,-95.1,634.3,
187.0,4066.2,-741.0,-90.8,746.5,
188.6,3661.1,-627.1,-95.1,634.3,
187.0,4066.2,-741.0,-90.8,746.5,
187.3,3389.5,-619.0,-78.8,624.0,
185.8,3794.6,-732.8,-74.5,736.6,
187.3,3389.5,-619.0,-78.8,624.0,
185.8,3794.6,-732.8,-74.5,736.6,
188.8,3661.6,-628.0,-96.8,635.4,
187.1,4066.7,-741.8,-92.5,747.6,
188.8,3661.6,-628.0,-96.8,635.4,
187.1,4066.7,-741.8,-92.5,747.6,
187.1,3389.0,-619.0,-76.6,623.7,
185.6,3794.1,-732.8,-72.3,736.4,
187.1,3389.0,-619.0,-76.6,623.7,
185.6,3794.1,-732.8,-72.3,736.4,
188.6,3661.1,-628.0,-94.6,635.1,
186.9,4066.2,-741.8,-90.3,747.3,
188.6,3661.1,-628.0,-94.6,635.1,
186.9,4066.2,-741.8,-90.3,747.3,
187.2,3389.5,-619.9,-78.3,624.8,
185.8,3794.6,-733.7,-74.0,737.4,
187.2,3389.5,-619.9,-78.3,624.8,
185.8,3794.6,-733.7,-74.0,737.4,
188.7,3661.6,-628.9,-96.3,636.2,
187.1,4066.7,-742.7,-92.0,748.4,
188.7,3661.6,-628.9,-96.3,636.2,
187.1,4066.7,-742.7,-92.0,748.4,
187.1,3389.0,-618.3,-77.0,623.1,
185.7,3794.1,-732.1,-72.6,735.7,
187.1,3389.0,-618.3,-77.0,623.1,
185.7,3794.1,-732.1,-72.6,735.7,
188.6,3661.1,-627.3,-95.0,634.4,
187.0,4066.2,-741.1,-90.6,746.7,
188.6,3661.1,-627.3,-95.0,634.4,
187.0,4066.2,-741.1,-90.6,746.7,
187.2,3389.5,-619.2,-78.7,624.2,
185.8,3794.6,-733.0,-74.4,736.8,
187.2,3389.5,-619.2,-78.7,624.2,
185.8,3794.6,-733.0,-74.4,736.8,
188.8,3661.6,-628.2,-96.7,635.6,
187.1,4066.7,-742.0,-92.4,747.7,
188.8,3661.6,-628.2,-96.7,635.6,
187.1,4066.7,-742.0,-92.4,747.7,
187.0,3389.0,-619.2,-76.5,623.9,
185.6,3794.1,-733.0,-72.1,736.6,
187.0,3389.0,-619.2,-76.5,623.9,
185.6,3794.1,-733.0,-72.1,736.6,
188.6,3661.1,-628.2,-94.5,635.2,
186.9,4066.2,-742.0,-90.1,747.5,
188.6,3661.1,-628.2,-94.5,635.2,
186.9,4066.2,-742.0,-90.1,747.5,
187.2,3389.5,-620.0,-78.2,625.0,
185.7,3794.6,-733.9,-73.9,737.6,
187.2,3389.5,-620.0,-78.2,625.0,
185.7,3794.6,-733.9,-73.9,737.6,
188.7,3661.6,-629.0,-96.2,636.4,
187.0,4066.7,-742.9,-91.9,748.5,
188.7,3661.6,-629.0,-96.2,636.4,
187.0,4066.7,-742.9,-91.9,748.5,
187.1,3389.0,-618.1,-77.1,622.9,
185.7,3794.1,-732.0,-72.8,735.6,
187.1,3389.0,-618.1,-77.1,622.9,
185.7,3794.1,-732.0,-72.8,735.6,
188.6,3661.1,-627.1,-95.1,634.3,
187.0,4066.2,-741.0,-90.8,746.5,
188.6,3661.1,-627.1,-95.1,634.3,
187.0,4066.2,-741.0,-90.8,746.5,
187.3,3389.5,-619.0,-78.8,624.0,
185.8,3794.6,-732.8,-74.5,736.6,
187.3,3389.5,-619.0,-78.8,624.0,
185.8,3794.6,-732.8,-74.5,736.6,
188.8,3661.6,-628.0,-96.8,635.4,
187.1,4066.7,-741.8,-92.5,747.6,
188.8,3661.6,-628.0,-96.8,635.4,
187.1,4066.7,-741.8,-92.5,747.6,
187.1,3389.0,-619.0,-76.6,623.7,
185.6,3794.1,-732.8,-72.3,736.4,
187.1,3389.0,-619.0,-76.6,623.7,
185.6,3794.1,-732.8,-72.3,736.4,
188.6,3661.1,-628.0,-94.6,635.1,
186.9,4066.2,-741.8,-90.3,747.3,
188.6,3661.1,-628.0,-94.6,635.1,
186.9,4066.2,-741.8,-90.3,747.3,
187.2,3389.5,-619.9,-78.3,624.8,
185.8,3794.6,-733.7,-74.0,737.4,
187.2,3389.5,-619.9,-78.3,624.8,
185.8,3794.6,-733.7,-74.0,737.4,
188.7,3661.6,-628.9,-96.3,636.2,
187.1,4066.7,-742.7,-92.0,748.4,
188.7,3661.6,-628.9,-96.3,636.2,
187.1,4066.7,-742.7,-92.0,748.4,
187.1,3389.0,-618.3,-77.0,623.1,
185.7,3794.1,-732.1,-72.6,735.7,
187.1,3389.0,-618.3,-77.0,623.1,
185.7,3794.1,-732.1,-72.6,735.7,
188.6,3661.1,-627.3,-95.0,634.4,
187.0,4066.2,-741.1,-90.6,746.7,
188.6,3661.1,-627.3,-95.0,634.4,
187.0,4066.2,-741.1,-90.6,746.7,
187.2,3389.5,-619.2,-78.7,624.2,
185.8,3794.6,-733.0,-74.4,736.8,
187.2,3389.5,-619.2,-78.7,624.2,
185.8,3794.6,-733.0,-74.4,736.8,
188.8,3661.6,-628.2,-96.7,635.6,
187.1,4066.7,-742.0,-92.4,747.7,
188.8,3661.6,-628.2,-96.7,635.6,
187.1,4066.7,-742.0,-92.4,747.7,
187.0,3389.0,-619.2,-76.5,623.9,
185.6,3794.1,-733.0,-72.1,736.6,
187.0,3389.0,-619.2,-76.5,623.9,
185.6,3794.1,-733.0,-72.1,736.6,
188.6,3661.1,-628.2,-94.5,635.2,
186.9,4066.2,-742.0,-90.1,747.5,
188.6,3661.1,-628.2,-94.5,635.2,
186.9,4066.2,-742.0,-90.1,747.5,
187.2,3389.5,-620.0,-78.2,625.0,
185.7,3794.6,-733.9,-73.9,737.6,
187.2,3389.5,-620.0,-78.2,625.0,
185.7,3794.6,-733.9,-73.9,737.6,
188.7,3661.6,-629.0,-96.2,636.4,
187.0,4066.7,-742.9,-91.9,748.5,
188.7,3661.6,-629.0,-96.2,636.4,
187.0,4066.7,-742.9,-91.9,748.5,
187.2,3389.6,-617.3,-77.6,622.1,
185.7,3794.7,-731.1,-73.2,734.8,
188.7,3661.7,-626.3,-95.6,633.5,
187.0,4066.8,-740.1,-91.2,745.7,
186.1,3384.3,-620.5,-66.0,624.0,
184.8,3789.5,-734.4,-61.6,737.0,
187.6,3656.4,-629.5,-84.0,635.1,
186.1,4061.6,-743.4,-79.6,747.6,
187.3,3390.1,-618.1,-79.3,623.2,
185.8,3795.2,-732.0,-74.9,735.8,
188.8,3662.2,-627.1,-97.3,634.7,
187.1,4067.3,-741.0,-92.9,746.8,
186.2,3384.8,-621.4,-67.7,625.1,
184.9,3790.0,-735.3,-63.3,738.0,
187.7,3656.9,-630.4,-85.7,636.2,
186.2,4062.1,-744.3,-81.3,748.7,
187.0,3389.6,-619.5,-76.3,624.2,
185.6,3794.7,-733.4,-71.9,736.9,
188.5,3661.7,-628.5,-94.3,635.6,
186.9,4066.8,-742.4,-89.9,747.8,
185.9,3384.3,-622.8,-64.6,626.1,
184.7,3789.5,-736.7,-60.3,739.1,
187.5,3656.4,-631.8,-82.6,637.2,
186.0,4061.6,-745.7,-78.3,749.8,
187.2,3390.1,-620.4,-78.0,625.3,
185.7,3795.2,-734.3,-73.6,737.9,
188.7,3662.2,-629.4,-96.0,636.7,
187.0,4067.3,-743.3,-91.6,748.9,
186.1,3384.8,-623.7,-66.4,627.2,
184.8,3790.0,-737.5,-62.0,740.1,
187.6,3656.9,-632.7,-84.4,638.3,
186.1,4062.1,-746.5,-80.0,750.8,
187.1,3389.6,-617.8,-77.3,622.6,
185.7,3794.7,-731.6,-73.0,735.2,
188.6,3661.7,-626.8,-95.3,634.0,
187.0,4066.8,-740.6,-91.0,746.2,
186.0,3384.3,-621.0,-65.7,624.5,
184.8,3789.5,-734.9,-61.3,737.4,
187.6,3656.4,-630.0,-83.7,635.6,
186.1,4061.6,-743.9,-79.3,748.1,
187.3,3390.1,-618.6,-79.0,623.7,
185.8,3795.2,-732.5,-74.7,736.3,
188.8,3662.2,-627.6,-97.0,635.1,
187.1,4067.3,-741.5,-92.7,747.2,
186.2,3384.8,-621.9,-67.4,625.5,
184.9,3790.0,-735.8,-63.0,738.4,
187.7,3656.9,-630.9,-85.4,636.7,
186.2,4062.1,-744.8,-81.0,749.2,
187.0,3389.6,-620.0,-76.0,624.6,
185.6,3794.7,-733.9,-71.7,737.3,
188.5,3661.7,-629.0,-94.0,636.0,
186.9,4066.8,-742.9,-89.7,748.2,
185.9,3384.3,-623.3,-64.4,626.6,
184.7,3789.5,-737.1,-60.0,739.6,
187.4,3656.4,-632.3,-82.4,637.6,
186.0,4061.6,-746.1,-78.0,750.2,
187.1,3390.1,-620.9,-77.7,625.7,
185.7,3795.2,-734.7,-73.4,738.4,
188.6,3662.2,-629.9,-95.7,637.1,
187.0,4067.3,-743.7,-91.4,749.3,
186.0,3384.8,-624.2,-66.1,627.6,
184.8,3790.0,-738.0,-61.7,740.6,
187.6,3656.9,-633.2,-84.1,638.7,
186.1,4062.1,-747.0,-79.7,751.2,
187.2,3389.6,-617.3,-77.6,622.1,
185.7,3794.7,-731.1,-73.2,734.8,
188.7,3661.7,-626.3,-95.6,633.5,
187.0,4066.8,-740.1,-91.2,745.7,
188.3,3384.3,-614.0,-89.2,620.4,
186.7,3789.5,-727.8,-84.9,732.8,
189.8,3656.4,-623.0,-107.2,632.2,
187.9,4061.6,-736.8,-102.9,744.0,
187.3,3390.1,-618.1,-79.3,623.2,
185.8,3795.2,-732.0,-74.9,735.8,
188.8,3662.2,-627.1,-97.3,634.7,
187.1,4067.3,-741.0,-92.9,746.8,
188.4,3384.8,-614.9,-90.9,621.6,
186.8,3790.0,-728.7,-86.6,733.8,
189.9,3656.9,-623.9,-108.9,633.3,
188.1,4062.1,-737.7,-104.6,745.1,
187.0,3389.6,-619.5,-76.3,624.2,
185.6,3794.7,-733.4,-71.9,736.9,
188.5,3661.7,-628.5,-94.3,635.6,
186.9,4066.8,-742.4,-89.9,747.8,
188.1,3384.3,-616.2,-87.9,622.5,
186.5,3789.5,-730.1,-83.6,734.9,
189.6,3656.4,-625.2,-105.9,634.2,
187.8,4061.6,-739.1,-101.6,746.0,
187.2,3390.1,-620.4,-78.0,625.3,
185.7,3795.2,-734.3,-73.6,737.9,
188.7,3662.2,-629.4,-96.0,636.7,
187.0,4067.3,-743.3,-91.6,748.9,
188.3,3384.8,-617.1,-89.6,623.6,
186.7,3790.0,-731.0,-85.3,735.9,
189.8,3656.9,-626.1,-107.6,635.3,
187.9,4062.1,-740.0,-103.3,747.1,
187.1,3389.6,-617.8,-77.3,622.6,
185.7,3794.7,-731.6,-73.0,735.2,
188.6,3661.7,-626.8,-95.3,634.0,
187.0,4066.8,-740.6,-91.0,746.2,
188.2,3384.3,-614.5,-89.0,620.9,
186.6,3789.5,-728.3,-84.6,733.2,
189.7,3656.4,-623.5,-107.0,632.6,
187.9,4061.6,-737.3,-102.6,744.4,
187.3,3390.1,-618.6,-79.0,623.7,
185.8,3795.2,-732.5,-74.7,736.3,
188.8,3662.2,-627.6,-97.0,635.1,
187.1,4067.3,-741.5,-92.7,747.2,
188.4,3384.8,-615.4,-90.7,622.0,
186.8,3790.0,-729.2,-86.3,734.3,
189.9,3656.9,-624.4,-108.7,633.7,
188.0,4062.1,-738.2,-104.3,745.5,
187.0,3389.6,-620.0,-76.0,624.6,
185.6,3794.7,-733.9,-71.7,737.3,
188.5,3661.7,-629.0,-94.0,636.0,
186.9,4066.8,-742.9,-89.7,748.2,
188.1,3384.3,-616.7,-87.6,622.9,
186.5,3789.5,-730.6,-83.3,735.3,
189.6,3656.4,-625.7,-105.6,634.6,
187.8,4061.6,-739.6,-101.3,746.5,
187.1,3390.1,-620.9,-77.7,625.7,
185.7,3795.2,-734.7,-73.4,738.4,
188.6,3662.2,-629.9,-95.7,637.1,
187.0,4067.3,-743.7,-91.4,749.3,
188.2,3384.8,-617.6,-89.4,624.0,
186.6,3790.0,-731.5,-85.0,736.4,
189.7,3656.9,-626.6,-107.4,635.7,
187.9,4062.1,-740.5,-103.0,747.6,
187.2,3389.6,-617.3,-77.6,622.1,
185.7,3794.7,-731.1,-73.2,734.8,
186.7,3390.0,-628.4,-73.8,632.7,
185.3,3795.2,-742.3,-69.5,745.5,
188.7,3661.7,-626.3,-95.6,633.5,
187.0,4066.8,-740.1,-91.2,745.7,
188.2,3662.1,-637.4,-91.8,644.0,
186.6,4067.3,-751.3,-87.5,756.3,
187.3,3390.1,-618.1,-79.3,623.2,
185.8,3795.2,-732.0,-74.9,735.8,
186.8,3390.5,-629.3,-75.5,633.8,
185.5,3795.6,-743.1,-71.2,746.5,
188.8,3662.2,-627.1,-97.3,634.7,
187.1,4067.3,-741.0,-92.9,746.8,
188.3,3662.6,-638.3,-93.5,645.1,
186.8,4067.7,-752.1,-89.2,757.4,
187.0,3389.6,-619.5,-76.3,624.2,
185.6,3794.7,-733.4,-71.9,736.9,
186.6,3390.0,-630.7,-72.5,634.8,
185.2,3795.2,-744.5,-68.2,747.6,
188.5,3661.7,-628.5,-94.3,635.6,
186.9,4066.8,-742.4,-89.9,747.8,
188.1,3662.1,-639.7,-90.5,646.0,
186.5,4067.3,-753.5,-86.2,758.4,
187.2,3390.1,-620.4,-78.0,625.3,
185.7,3795.2,-734.3,-73.6,737.9,
186.7,3390.5,-631.5,-74.2,635.9,
185.4,3795.6,-745.4,-69.9,748.6,
188.7,3662.2,-629.4,-96.0,636.7,
187.0,4067.3,-743.3,-91.6,748.9,
188.2,3662.6,-640.5,-92.2,647.1,
186.6,4067.7,-754.4,-87.9,759.5,
187.1,3389.6,-617.8,-77.3,622.6,
185.7,3794.7,-731.6,-73.0,735.2,
186.7,3390.0,-628.9,-73.5,633.2,
185.3,3795.2,-742.7,-69.2,745.9,
188.6,3661.7,-626.8,-95.3,634.0,
187.0,4066.8,-740.6,-91.0,746.2,
188.2,3662.1,-637.9,-91.5,644.4,
186.6,4067.3,-751.7,-87.2,756.8,
187.3,3390.1,-618.6,-79.0,623.7,
185.8,3795.2,-732.5,-74.7,736.3,
186.8,3390.5,-629.8,-75.2,634.2,
185.4,3795.6,-743.6,-70.9,747.0,
188.8,3662.2,-627.6,-97.0,635.1,
187.1,4067.3,-741.5,-92.7,747.2,
188.3,3662.6,-638.8,-93.2,645.5,
186.7,4067.7,-752.6,-88.9,757.8,
187.0,3389.6,-620.0,-76.0,624.6,
185.6,3794.7,-733.9,-71.7,737.3,
186.5,3390.0,-631.1,-72.2,635.3,
185.2,3795.2,-745.0,-67.9,748.1,
188.5,3661.7,-629.0,-94.0,636.0,
186.9,4066.8,-742.9,-89.7,748.2,
188.0,3662.1,-640.1,-90.2,646.5,
186.5,4067.3,-754.0,-85.9,758.9,
187.1,3390.1,-620.9,-77.7,625.7,
185.7,3795.2,-734.7,-73.4,738.4,
186.7,3390.5,-632.0,-73.9,636.3,
185.3,3795.6,-745.9,-69.6,749.1,
188.6,3662.2,-629.9,-95.7,637.1,
187.0,4067.3,-743.7,-91.4,749.3,
188.2,3662.6,-641.0,-91.9,647.6,
186.6,4067.7,-754.9,-87.6,759.9,
187.2,3389.6,-617.3,-77.6,622.1,
185.7,3794.7,-731.1,-73.2,734.8,
187.6,3390.0,-606.1,-81.4,611.6,
186.1,3795.2,-720.0,-77.0,724.1,
188.7,3661.7,-626.3,-95.6,633.5,
187.0,4066.8,-740.1,-91.2,745.7,
189.2,3662.1,-615.1,-99.4,623.1,
187.4,4067.3,-729.0,-95.0,735.2,
187.3,3390.1,-618.1,-79.3,623.2,
185.8,3795.2,-732.0,-74.9,735.8,
187.8,3390.5,-607.0,-83.1,612.7,
186.2,3795.6,-720.9,-78.7,725.2,
188.8,3662.2,-627.1,-97.3,634.7,
187.1,4067.3,-741.0,-92.9,746.8,
189.3,3662.6,-616.0,-101.1,624.3,
187.5,4067.7,-729.9,-96.7,736.3,
187.0,3389.6,-619.5,-76.3,624.2,
185.6,3794.7,-733.4,-71.9,736.9,
187.5,3390.0,-608.4,-80.1,613.6,
186.0,3795.2,-722.2,-75.7,726.2,
188.5,3661.7,-628.5,-94.3,635.6,
186.9,4066.8,-742.4,-89.9,747.8,
189.0,3662.1,-617.4,-98.1,625.1,
187.3,4067.3,-731.2,-93.7,737.2,
187.2,3390.1,-620.4,-78.0,625.3,
185.7,3795.2,-734.3,-73.6,737.9,
187.6,3390.5,-609.3,-81.8,614.7,
186.1,3795.6,-723.1,-77.4,727.3,
188.7,3662.2,-629.4,-96.0,636.7,
187.0,4067.3,-743.3,-91.6,748.9,
189.2,3662.6,-618.3,-99.8,626.3,
187.4,4067.7,-732.1,-95.4,738.3,
187.1,3389.6,-617.8,-77.3,622.6,
185.7,3794.7,-731.6,-73.0,735.2,
187.6,3390.0,-606.6,-81.1,612.0,
186.1,3795.2,-720.5,-76.7,724.5,
188.6,3661.7,-626.8,-95.3,634.0,
187.0,4066.8,-740.6,-91.0,746.2,
189.1,3662.1,-615.6,-99.1,623.5,
187.4,4067.3,-729.5,-94.7,735.6,
187.3,3390.1,-618.6,-79.0,623.7,
185.8,3795.2,-732.5,-74.7,736.3,
187.8,3390.5,-607.5,-82.8,613.1,
186.2,3795.6,-721.3,-78.5,725.6,
188.8,3662.2,-627.6,-97.0,635.1,
187.1,4067.3,-741.5,-92.7,747.2,
189.3,3662.6,-616.5,-100.8,624.7,
187.5,4067.7,-730.3,-96.5,736.7,
187.0,3389.6,-620.0,-76.0,624.6,
185.6,3794.7,-733.9,-71.7,737.3,
187.5,3390.0,-608.9,-79.8,614.1,
186.0,3795.2,-722.7,-75.4,726.6,
188.5,3661.7,-629.0,-94.0,636.0,
186.9,4066.8,-742.9,-89.7,748.2,
189.0,3662.1,-617.9,-97.8,625.6,
187.3,4067.3,-731.7,-93.4,737.7,
187.1,3390.1,-620.9,-77.7,625.7,
185.7,3795.2,-734.7,-73.4,738.4,
187.6,3390.5,-609.8,-81.5,615.2,
186.1,3795.6,-723.6,-77.2,727.7,
188.6,3662.2,-629.9,-95.7,637.1,
187.0,4067.3,-743.7,-91.4,749.3,
189.1,3662.6,-618.8,-99.5,626.7,
187.4,4067.7,-732.6,-95.2,738.8,
187.2,3389.6,-617.3,-77.6,622.1,
185.7,3794.7,-731.1,-73.2,734.8,
188.7,3661.7,-626.3,-95.6,633.5,
187.0,4066.8,-740.1,-91.2,745.7,
186.1,3384.3,-620.5,-66.0,624.0,
184.8,3789.5,-734.4,-61.6,737.0,
187.6,3656.4,-629.5,-84.0,635.1,
186.1,4061.6,-743.4,-79.6,747.6,
187.3,3390.1,-618.1,-79.3,623.2,
185.8,3795.2,-732.0,-74.9,735.8,
188.8,3662.2,-627.1,-97.3,634.7,
187.1,4067.3,-741.0,-92.9,746.8,
186.2,3384.8,-621.4,-67.7,625.1,
184.9,3790.0,-735.3,-63.3,738.0,
187.7,3656.9,-630.4,-85.7,636.2,
186.2,4062.1,-744.3,-81.3,748.7,
187.0,3389.6,-619.5,-76.3,624.2,
185.6,3794.7,-733.4,-71.9,736.9,
188.5,3661.7,-628.5,-94.3,635.6,
186.9,4066.8,-742.4,-89.9,747.8,
185.9,3384.3,-622.8,-64.6,626.1,
184.7,3789.5,-736.7,-60.3,739.1,
187.5,3656.4,-631.8,-82.6,637.2,
186.0,4061.6,-745.7,-78.3,749.8,
187.2,3390.1,-620.4,-78.0,625.3,
185.7,3795.2,-734.3,-73.6,737.9,
188.7,3662.2,-629.4,-96.0,636.7,
187.0,4067.3,-743.3,-91.6,748.9,
186.1,3384.8,-623.7,-66.4,627.2,
184.8,3790.0,-737.5,-62.0,740.1,
187.6,3656.9,-632.7,-84.4,638.3,
186.1,4062.1,-746.5,-80.0,750.8,
187.1,3389.6,-617.8,-77.3,622.6,
185.7,3794.7,-731.6,-73.0,735.2,
188.6,3661.7,-626.8,-95.3,634.0,
187.0,4066.8,-740.6,-91.0,746.2,
186.0,3384.3,-621.0,-65.7,624.5,
184.8,3789.5,-734.9,-61.3,737.4,
187.6,3656.4,-630.0,-83.7,635.6,
186.1,4061.6,-743.9,-79.3,748.1,
187.3,3390.1,-618.6,-79.0,623.7,
185.8,3795.2,-732.5,-74.7,736.3,
188.8,3662.2,-627.6,-97.0,635.1,
187.1,4067.3,-741.5,-92.7,747.2,
186.2,3384.8,-621.9,-67.4,625.5,
184.9,3790.0,-735.8,-63.0,738.4,
187.7,3656.9,-630.9,-85.4,636.7,
186.2,4062.1,-744.8,-81.0,749.2,
187.0,3389.6,-620.0,-76.0,624.6,
185.6,3794.7,-733.9,-71.7,737.3,
188.5,3661.7,-629.0,-94.0,636.0,
186.9,4066.8,-742.9,-89.7,748.2,
185.9,3384.3,-623.3,-64.4,626.6,
184.7,3789.5,-737.1,-60.0,739.6,
187.4,3656.4,-632.3,-82.4,637.6,
186.0,4061.6,-746.1,-78.0,750.2,
187.1,3390.1,-620.9,-77.7,625.7,
185.7,3795.2,-734.7,-73.4,738.4,
188.6,3662.2,-629.9,-95.7,637.1,
187.0,4067.3,-743.7,-91.4,749.3,
186.0,3384.8,-624.2,-66.1,627.6,
184.8,3790.0,-738.0,-61.7,740.6,
187.6,3656.9,-633.2,-84.1,638.7,
186.1,4062.1,-747.0,-79.7,751.2,
187.2,3389.6,-617.3,-77.6,622.1,
185.7,3794.7,-731.1,-73.2,734.8,
188.3,3384.3,-614.0,-89.2,620.4,
186.7,3789.5,-727.8,-84.9,732.8,
188.7,3661.7,-626.3,-95.6,633.5,
187.0,4066.8,-740.1,-91.2,745.7,
189.8,3656.4,-623.0,-107.2,632.2,
187.9,4061.6,-736.8,-102.9,744.0,
187.3,3390.1,-618.1,-79.3,623.2,
185.8,3795.2,-732.0,-74.9,735.8,
188.4,3384.8,-614.9,-90.9,621.6,
186.8,3790.0,-728.7,-86.6,733.8,
188.8,3662.2,-627.1,-97.3,634.7,
187.1,4067.3,-741.0,-92.9,746.8,
189.9,3656.9,-623.9,-108.9,633.3,
188.1,4062.1,-737.7,-104.6,745.1,
187.0,3389.6,-619.5,-76.3,624.2,
185.6,3794.7,-733.4,-71.9,736.9,
188.1,3384.3,-616.2,-87.9,622.5,
186.5,3789.5,-730.1,-83.6,734.9,
188.5,3661.7,-628.5,-94.3,635.6,
186.9,4066.8,-742.4,-89.9,747.8,
189.6,3656.4,-625.2,-105.9,634.2,
187.8,4061.6,-739.1,-101.6,746.0,
187.2,3390.1,-620.4,-78.0,625.3,
185.7,3795.2,-734.3,-73.6,737.9,
188.3,3384.8,-617.1,-89.6,623.6,
186.7,3790.0,-731.0,-85.3,735.9,
188.7,3662.2,-629.4,-96.0,636.7,
187.0,4067.3,-743.3,-91.6,748.9,
189.8,3656.9,-626.1,-107.6,635.3,
187.9,4062.1,-740.0,-103.3,747.1,
187.1,3389.6,-617.8,-77.3,622.6,
185.7,3794.7,-731.6,-73.0,735.2,
188.2,3384.3,-614.5,-89.0,620.9,
186.6,3789.5,-728.3,-84.6,733.2,
188.6,3661.7,-626.8,-95.3,634.0,
187.0,4066.8,-740.6,-91.0,746.2,
189.7,3656.4,-623.5,-107.0,632.6,
187.9,4061.6,-737.3,-102.6,744.4,
187.3,3390.1,-618.6,-79.0,623.7,
185.8,3795.2,-732.5,-74.7,736.3,
188.4,3384.8,-615.4,-90.7,622.0,
186.8,3790.0,-729.2,-86.3,734.3,
188.8,3662.2,-627.6,-97.0,635.1,
187.1,4067.3,-741.5,-92.7,747.2,
189.9,3656.9,-624.4,-108.7,633.7,
188.0,4062.1,-738.2,-104.3,745.5,
187.0,3389.6,-620.0,-76.0,624.6,
185.6,3794.7,-733.9,-71.7,737.3,
188.1,3384.3,-616.7,-87.6,622.9,
186.5,3789.5,-730.6,-83.3,735.3,
188.5,3661.7,-629.0,-94.0,636.0,
186.9,4066.8,-742.9,-89.7,748.2,
189.6,3656.4,-625.7,-105.6,634.6,
187.8,4061.6,-739.6,-101.3,746.5,
187.1,3390.1,-620.9,-77.7,625.7,
185.7,3795.2,-734.7,-73.4,738.4,
188.2,3384.8,-617.6,-89.4,624.0,
186.6,3790.0,-731.5,-85.0,736.4,
188.6,3662.2,-629.9,-95.7,637.1,
187.0,4067.3,-743.7,-91.4,749.3,
189.7,3656.9,-626.6,-107.4,635.7,
187.9,4062.1,-740.5,-103.0,747.6,
187.2,3389.6,-617.3,-77.6,622.1,
185.7,3794.7,-731.1,-73.2,734.8,
186.7,3390.0,-628.4,-73.8,632.7,
185.3,3795.2,-742.3,-69.5,745.5,
188.7,3661.7,-626.3,-95.6,633.5,
187.0,4066.8,-740.1,-91.2,745.7,
188.2,3662.1,-637.4,-91.8,644.0,
186.6,4067.3,-751.3,-87.5,756.3,
187.3,3390.1,-618.1,-79.3,623.2,
185.8,3795.2,-732.0,-74.9,735.8,
186.8,3390.5,-629.3,-75.5,633.8,
185.5,3795.6,-743.1,-71.2,746.5,
188.8,3662.2,-627.1,-97.3,634.7,
187.1,4067.3,-741.0,-92.9,746.8,
188.3,3662.6,-638.3,-93.5,645.1,
186.8,4067.7,-752.1,-89.2,757.4,
187.0,3389.6,-619.5,-76.3,624.2,
185.6,3794.7,-733.4,-71.9,736.9,
186.6,3390.0,-630.7,-72.5,634.8,
185.2,3795.2,-744.5,-68.2,747.6,
188.5,3661.7,-628.5,-94.3,635.6,
186.9,4066.8,-742.4,-89.9,747.8,
188.1,3662.1,-639.7,-90.5,646.0,
186.5,4067.3,-753.5,-86.2,758.4,
187.2,3390.1,-620.4,-78.0,625.3,
185.7,3795.2,-734.3,-73.6,737.9,
186.7,3390.5,-631.5,-74.2,635.9,
185.4,3795.6,-745.4,-69.9,748.6,
188.7,3662.2,-629.4,-96.0,636.7,
187.0,4067.3,-743.3,-91.6,748.9,
188.2,3662.6,-640.5,-92.2,647.1,
186.6,4067.7,-754.4,-87.9,759.5,
187.1,3389.6,-617.8,-77.3,622.6,
185.7,3794.7,-731.6,-73.0,735.2,
186.7,3390.0,-628.9,-73.5,633.2,
185.3,3795.2,-742.7,-69.2,745.9,
188.6,3661.7,-626.8,-95.3,634.0,
187.0,4066.8,-740.6,-91.0,746.2,
188.2,3662.1,-637.9,-91.5,644.4,
186.6,4067.3,-751.7,-87.2,756.8,
187.3,3390.1,-618.6,-79.0,623.7,
185.8,3795.2,-732.5,-74.7,736.3,
186.8,3390.5,-629.8,-75.2,634.2,
185.4,3795.6,-743.6,-70.9,747.0,
188.8,3662.2,-627.6,-97.0,635.1,
187.1,4067.3,-741.5,-92.7,747.2,
188.3,3662.6,-638.8,-93.2,645.5,
186.7,4067.7,-752.6,-88.9,757.8,
187.0,3389.6,-620.0,-76.0,624.6,
185.6,3794.7,-733.9,-71.7,737.3,
186.5,3390.0,-631.1,-72.2,635.3,
185.2,3795.2,-745.0,-67.9,748.1,
188.5,3661.7,-629.0,-94.0,636.0,
186.9,4066.8,-742.9,-89.7,748.2,
188.0,3662.1,-640.1,-90.2,646.5,
186.5,4067.3,-754.0,-85.9,758.9,
187.1,3390.1,-620.9,-77.7,625.7,
185.7,3795.2,-734.7,-73.4,738.4,
186.7,3390.5,-632.0,-73.9,636.3,
185.3,3795.6,-745.9,-69.6,749.1,
188.6,3662.2,-629.9,-95.7,637.1,
187.0,4067.3,-743.7,-91.4,749.3,
188.2,3662.6,-641.0,-91.9,647.6,
186.6,4067.7,-754.9,-87.6,759.9,
187.2,3389.6,-617.3,-77.6,622.1,
185.7,3794.7,-731.1,-73.2,734.8,
187.6,3390.0,-606.1,-81.4,611.6,
186.1,3795.2,-720.0,-77.0,724.1,
188.7,3661.7,-626.3,-95.6,633.5,
187.0,4066.8,-740.1,-91.2,745.7,
189.2,3662.1,-615.1,-99.4,623.1,
187.4,4067.3,-729.0,-95.0,735.2,
187.3,3390.1,-618.1,-79.3,623.2,
185.8,3795.2,-732.0,-74.9,735.8,
187.8,3390.5,-607.0,-83.1,612.7,
186.2,3795.6,-720.9,-78.7,725.2,
188.8,3662.2,-627.1,-97.3,634.7,
187.1,4067.3,-741.0,-92.9,746.8,
189.3,3662.6,-616.0,-101.1,624.3,
187.5,4067.7,-729.9,-96.7,736.3,
187.0,3389.6,-619.5,-76.3,624.2,
185.6,3794.7,-733.4,-71.9,736.9,
187.5,3390.0,-608.4,-80.1,613.6,
186.0,3795.2,-722.2,-75.7,726.2,
188.5,3661.7,-628.5,-94.3,635.6,
186.9,4066.8,-742.4,-89.9,747.8,
189.0,3662.1,-617.4,-98.1,625.1,
187.3,4067.3,-731.2,-93.7,737.2,
187.2,3390.1,-620.4,-78.0,625.3,
185.7,3795.2,-734.3,-73.6,737.9,
187.6,3390.5,-609.3,-81.8,614.7,
186.1,3795.6,-723.1,-77.4,727.3,
188.7,3662.2,-629.4,-96.0,636.7,
187.0,4067.3,-743.3,-91.6,748.9,
189.2,3662.6,-618.3,-99.8,626.3,
187.4,4067.7,-732.1,-95.4,738.3,
187.1,3389.6,-617.8,-77.3,622.6,
185.7,3794.7,-731.6,-73.0,735.2,
187.6,3390.0,-606.6,-81.1,612.0,
186.1,3795.2,-720.5,-76.7,724.5,
188.6,3661.7,-626.8,-95.3,634.0,
187.0,4066.8,-740.6,-91.0,746.2,
189.1,3662.1,-615.6,-99.1,623.5,
187.4,4067.3,-729.5,-94.7,735.6,
187.3,3390.1,-618.6,-79.0,623.7,
185.8,3795.2,-732.5,-74.7,736.3,
187.8,3390.5,-607.5,-82.8,613.1,
186.2,3795.6,-721.3,-78.5,725.6,
188.8,3662.2,-627.6,-97.0,635.1,
187.1,4067.3,-741.5,-92.7,747.2,
189.3,3662.6,-616.5,-100.8,624.7,
187.5,4067.7,-730.3,-96.5,736.7,
187.0,3389.6,-620.0,-76.0,624.6,
185.6,3794.7,-733.9,-71.7,737.3,
187.5,3390.0,-608.9,-79.8,614.1,
186.0,3795.2,-722.7,-75.4,726.6,
188.5,3661.7,-629.0,-94.0,636.0,
186.9,4066.8,-742.9,-89.7,748.2,
189.0,3662.1,-617.9,-97.8,625.6,
187.3,4067.3,-731.7,-93.4,737.7,
187.1,3390.1,-620.9,-77.7,625.7,
185.7,3795.2,-734.7,-73.4,738.4,
187.6,3390.5,-609.8,-81.5,615.2,
186.1,3795.6,-723.6,-77.2,727.7,
188.6,3662.2,-629.9,-95.7,637.1,
187.0,4067.3,-743.7,-91.4,749.3,
189.1,3662.6,-618.8,-99.5,626.7,
187.4,4067.7,-732.6,-95.2,738.8,
177.8,3646.4,-1024.7,39.2,1025.4,
174.1,3955.1,-1199.1,123.4,1205.4,
175.3,3625.4,-1037.8,85.7,1041.3,
172.0,3934.1,-1212.2,170.0,1224.1,
179.1,3652.5,-1036.1,16.8,1036.3,
175.2,3961.2,-1210.6,101.1,1214.8,
176.5,3631.5,-1049.2,63.3,1051.1,
173.1,3940.2,-1223.7,147.6,1232.5,
177.8,3646.4,-1024.7,39.2,1025.4,
174.1,3955.1,-1199.1,123.4,1205.4,
180.4,3625.4,-1011.5,-7.4,1011.6,
176.3,3934.1,-1186.0,76.9,1188.5,
179.1,3652.5,-1036.1,16.8,1036.3,
175.2,3961.2,-1210.6,101.1,1214.8,
181.7,3631.5,-1023.0,-29.7,1023.4,
177.4,3940.2,-1197.5,54.5,1198.7,
177.8,3646.4,-1024.7,39.2,1025.4,
174.1,3955.1,-1199.1,123.4,1205.4,
179.1,3652.5,-1036.1,16.8,1036.3,
175.2,3961.2,-1210.6,101.1,1214.8,
177.1,3648.0,-1069.2,54.3,1070.5,
173.6,3956.7,-1243.6,138.5,1251.3,
178.3,3654.2,-1080.6,31.9,1081.1,
174.7,3962.9,-1255.1,116.2,1260.4,
177.8,3646.4,-1024.7,39.2,1025.4,
174.1,3955.1,-1199.1,123.4,1205.4,
178.6,3648.0,-980.1,24.0,980.4,
174.6,3956.7,-1154.6,108.3,1159.6,
179.1,3652.5,-1036.1,16.8,1036.3,
175.2,3961.2,-1210.6,101.1,1214.8,
179.9,3654.2,-991.6,1.7,991.6,
175.8,3962.9,-1166.0,86.0,1169.2,
187.1,3389.0,-618.1,-77.1,622.9,
185.7,3794.1,-732.0,-72.8,735.6,
188.6,3661.1,-627.1,-95.1,634.3,
187.0,4066.2,-741.0,-90.8,746.5,
186.0,3383.7,-621.4,-65.5,624.8,
184.8,3788.9,-735.2,-61.1,737.8,
187.5,3655.8,-630.4,-83.5,635.9,
186.1,4061.0,-744.2,-79.1,748.4,
187.3,3389.5,-619.0,-78.8,624.0,
185.8,3794.6,-732.8,-74.5,736.6,
188.8,3661.6,-628.0,-96.8,635.4,
187.1,4066.7,-741.8,-92.5,747.6,
186.2,3384.2,-622.3,-67.2,625.9,
184.9,3789.4,-736.1,-62.8,738.8,
187.7,3656.3,-631.3,-85.2,637.0,
186.2,4061.5,-745.1,-80.8,749.5,
187.1,3389.0,-619.0,-76.6,623.7,
185.6,3794.1,-732.8,-72.3,736.4,
188.6,3661.1,-628.0,-94.6,635.1,
186.9,4066.2,-741.8,-90.3,747.3,
186.0,3383.7,-622.3,-65.0,625.6,
184.7,3788.9,-736.1,-60.6,738.6,
187.5,3655.8,-631.3,-83.0,636.7,
186.0,4061.0,-745.1,-78.6,749.2,
187.2,3389.5,-619.9,-78.3,624.8,
185.8,3794.6,-733.7,-74.0,737.4,
188.7,3661.6,-628.9,-96.3,636.2,
187.1,4066.7,-742.7,-92.0,748.4,
186.1,3384.2,-623.1,-66.7,626.7,
184.8,3789.4,-737.0,-62.3,739.6,
187.6,3656.3,-632.1,-84.7,637.8,
186.1,4061.5,-746.0,-80.3,750.3,
187.1,3389.0,-618.3,-77.0,623.1,
185.7,3794.1,-732.1,-72.6,735.7,
188.6,3661.1,-627.3,-95.0,634.4,
187.0,4066.2,-741.1,-90.6,746.7,
186.0,3383.7,-621.6,-65.4,625.0,
184.7,3788.9,-735.4,-61.0,737.9,
187.5,3655.8,-630.6,-83.4,636.1,
186.1,4061.0,-744.4,-79.0,748.6,
187.2,3389.5,-619.2,-78.7,624.2,
185.8,3794.6,-733.0,-74.4,736.8,
188.8,3661.6,-628.2,-96.7,635.6,
187.1,4066.7,-742.0,-92.4,747.7,
186.2,3384.2,-622.4,-67.1,626.1,
184.9,3789.4,-736.3,-62.7,739.0,
187.7,3656.3,-631.4,-85.1,637.2,
186.2,4061.5,-745.3,-80.7,749.7,
187.0,3389.0,-619.2,-76.5,623.9,
185.6,3794.1,-733.0,-72.1,736.6,
188.6,3661.1,-628.2,-94.5,635.2,
186.9,4066.2,-742.0,-90.1,747.5,
185.9,3383.7,-622.4,-64.9,625.8,
184.7,3788.9,-736.3,-60.5,738.8,
187.5,3655.8,-631.4,-82.9,636.9,
186.0,4061.0,-745.3,-78.5,749.4,
187.2,3389.5,-620.0,-78.2,625.0,
185.7,3794.6,-733.9,-73.9,737.6,
188.7,3661.6,-629.0,-96.2,636.4,
187.0,4066.7,-742.9,-91.9,748.5,
186.1,3384.2,-623.3,-66.6,626.9,
184.8,3789.4,-737.2,-62.2,739.8,
187.6,3656.3,-632.3,-84.6,637.9,
186.1,4061.5,-746.2,-80.2,750.5,
187.1,3389.0,-618.1,-77.1,622.9,
185.7,3794.1,-732.0,-72.8,735.6,
188.6,3661.1,-627.1,-95.1,634.3,
187.0,4066.2,-741.0,-90.8,746.5,
188.2,3383.7,-614.8,-88.7,621.2,
186.6,3788.9,-728.7,-84.4,733.6,
189.7,3655.8,-623.8,-106.7,632.9,
187.9,4061.0,-737.7,-102.4,744.8,
187.3,3389.5,-619.0,-78.8,624.0,
185.8,3794.6,-732.8,-74.5,736.6,
188.8,3661.6,-628.0,-96.8,635.4,
187.1,4066.7,-741.8,-92.5,747.6,
188.4,3384.2,-615.7,-90.4,622.3,
186.7,3789.4,-729.6,-86.1,734.6,
189.8,3656.3,-624.7,-108.4,634.1,
188.0,4061.5,-738.6,-104.1,745.9,
187.1,3389.0,-619.0,-76.6,623.7,
185.6,3794.1,-732.8,-72.3,736.4,
188.6,3661.1,-628.0,-94.6,635.1,
186.9,4066.2,-741.8,-90.3,747.3,
188.2,3383.7,-615.7,-88.2,622.0,
186.6,3788.9,-729.6,-83.9,734.4,
189.7,3655.8,-624.7,-106.2,633.7,
187.9,4061.0,-738.6,-101.9,745.5,
187.2,3389.5,-619.9,-78.3,624.8,
185.8,3794.6,-733.7,-74.0,737.4,
188.7,3661.6,-628.9,-96.3,636.2,
187.1,4066.7,-742.7,-92.0,748.4,
188.3,3384.2,-616.6,-89.9,623.1,
186.7,3789.4,-730.4,-85.6,735.4,
189.8,3656.3,-625.6,-107.9,634.8,
188.0,4061.5,-739.4,-103.6,746.7,
187.1,3389.0,-618.3,-77.0,623.1,
185.7,3794.1,-732.1,-72.6,735.7,
188.6,3661.1,-627.3,-95.0,634.4,
187.0,4066.2,-741.1,-90.6,746.7,
188.2,3383.7,-615.0,-88.6,621.4,
186.6,3788.9,-728.9,-84.3,733.7,
189.7,3655.8,-624.0,-106.6,633.1,
187.9,4061.0,-737.9,-102.3,744.9,
187.2,3389.5,-619.2,-78.7,624.2,
185.8,3794.6,-733.0,-74.4,736.8,
188.8,3661.6,-628.2,-96.7,635.6,
187.1,4066.7,-742.0,-92.4,747.7,
188.3,3384.2,-615.9,-90.3,622.5,
186.7,3789.4,-729.7,-86.0,734.8,
189.8,3656.3,-624.9,-108.3,634.2,
188.0,4061.5,-738.7,-104.0,746.0,
187.0,3389.0,-619.2,-76.5,623.9,
185.6,3794.1,-733.0,-72.1,736.6,
188.6,3661.1,-628.2,-94.5,635.2,
186.9,4066.2,-742.0,-90.1,747.5,
188.1,3383.7,-615.9,-88.1,622.2,
186.5,3788.9,-729.7,-83.8,734.5,
189.6,3655.8,-624.9,-106.1,633.8,
187.8,4061.0,-738.7,-101.8,745.7,
187.2,3389.5,-620.0,-78.2,625.0,
185.7,3794.6,-733.9,-73.9,737.6,
188.7,3661.6,-629.0,-96.2,636.4,
187.0,4066.7,-742.9,-91.9,748.5,
188.3,3384.2,-616.8,-89.8,623.3,
186.7,3789.4,-730.6,-85.5,735.6,
189.8,3656.3,-625.8,-107.8,635.0,
188.0,4061.5,-739.6,-103.5,746.8,
187.1,3389.0,-618.1,-77.1,622.9,
185.7,3794.1,-732.0,-72.8,735.6,
186.6,3389.4,-629.2,-73.3,633.5,
185.3,3794.6,-743.1,-69.0,746.3,
188.6,3661.1,-627.1,-95.1,634.3,
187.0,4066.2,-741.0,-90.8,746.5,
188.1,3661.5,-638.2,-91.3,644.7,
186.6,4066.7,-752.1,-87.0,757.1,
187.3,3389.5,-619.0,-78.8,624.0,
185.8,3794.6,-732.8,-74.5,736.6,
186.8,3389.9,-630.1,-75.0,634.6,
185.4,3795.0,-744.0,-70.7,747.3,
188.8,3661.6,-628.0,-96.8,635.4,
187.1,4066.7,-741.8,-92.5,747.6,
188.3,3662.0,-639.1,-93.0,645.9,
186.7,4067.1,-753.0,-88.7,758.2,
187.1,3389.0,-619.0,-76.6,623.7,
185.6,3794.1,-732.8,-72.3,736.4,
186.6,3389.4,-630.1,-72.8,634.3,
185.3,3794.6,-744.0,-68.5,747.1,
188.6,3661.1,-628.0,-94.6,635.1,
186.9,4066.2,-741.8,-90.3,747.3,
188.1,3661.5,-639.1,-90.8,645.5,
186.6,4066.7,-753.0,-86.5,757.9,
187.2,3389.5,-619.9,-78.3,624.8,
185.8,3794.6,-733.7,-74.0,737.4,
186.7,3389.9,-631.0,-74.5,635.4,
185.4,3795.0,-744.8,-70.2,748.1,
188.7,3661.6,-628.9,-96.3,636.2,
187.1,4066.7,-742.7,-92.0,748.4,
188.2,3662.0,-640.0,-92.5,646.6,
186.7,4067.1,-753.8,-88.2,759.0,
187.1,3389.0,-618.3,-77.0,623.1,
185.7,3794.1,-732.1,-72.6,735.7,
186.6,3389.4,-629.4,-73.2,633.7,
185.3,3794.6,-743.3,-68.9,746.5,
188.6,3661.1,-627.3,-95.0,634.4,
187.0,4066.2,-741.1,-90.6,746.7,
188.1,3661.5,-638.4,-91.2,644.9,
186.6,4066.7,-752.3,-86.9,757.3,
187.2,3389.5,-619.2,-78.7,624.2,
185.8,3794.6,-733.0,-74.4,736.8,
186.8,3389.9,-630.3,-74.9,634.7,
185.4,3795.0,-744.2,-70.6,747.5,
188.8,3661.6,-628.2,-96.7,635.6,
187.1,4066.7,-742.0,-92.4,747.7,
188.3,3662.0,-639.3,-92.9,646.0,
186.7,4067.1,-753.2,-88.6,758.3,
187.0,3389.0,-619.2,-76.5,623.9,
185.6,3794.1,-733.0,-72.1,736.6,
186.6,3389.4,-630.3,-72.7,634.5,
185.2,3794.6,-744.1,-68.4,747.3,
188.6,3661.1,-628.2,-94.5,635.2,
186.9,4066.2,-742.0,-90.1,747.5,
188.1,3661.5,-639.3,-90.7,645.7,
186.5,4066.7,-753.1,-86.4,758.1,
187.2,3389.5,-620.0,-78.2,625.0,
185.7,3794.6,-733.9,-73.9,737.6,
186.7,3389.9,-631.2,-74.4,635.5,
185.4,3795.0,-745.0,-70.1,748.3,
188.7,3661.6,-629.0,-96.2,636.4,
187.0,4066.7,-742.9,-91.9,748.5,
188.2,3662.0,-640.2,-92.4,646.8,
186.7,4067.1,-754.0,-88.1,759.1,
187.1,3389.0,-618.1,-77.1,622.9,
185.7,3794.1,-732.0,-72.8,735.6,
187.6,3389.4,-607.0,-80.9,612.3,
186.1,3794.6,-720.8,-76.5,724.9,
188.6,3661.1,-627.1,-95.1,634.3,
187.0,4066.2,-741.0,-90.8,746.5,
189.1,3661.5,-616.0,-98.9,623.9,
187.4,4066.7,-729.8,-94.5,735.9,
187.3,3389.5,-619.0,-78.8,624.0,
185.8,3794.6,-732.8,-74.5,736.6,
187.7,3389.9,-607.9,-82.6,613.4,
186.2,3795.0,-721.7,-78.2,725.9,
188.8,3661.6,-628.0,-96.8,635.4,
187.1,4066.7,-741.8,-92.5,747.6,
189.3,3662.0,-616.9,-100.6,625.0,
187.5,4067.1,-730.7,-96.2,737.0,
187.1,3389.0,-619.0,-76.6,623.7,
185.6,3794.1,-732.8,-72.3,736.4,
187.5,3389.4,-607.8,-80.4,613.1,
186.0,3794.6,-721.7,-76.0,725.7,
188.6,3661.1,-628.0,-94.6,635.1,
186.9,4066.2,-741.8,-90.3,747.3,
189.1,3661.5,-616.8,-98.4,624.6,
187.3,4066.7,-730.7,-94.0,736.7,
187.2,3389.5,-619.9,-78.3,624.8,
185.8,3794.6,-733.7,-74.0,737.4,
187.7,3389.9,-608.7,-82.1,614.2,
186.1,3795.0,-722.6,-77.7,726.7,
188.7,3661.6,-628.9,-96.3,636.2,
187.1,4066.7,-742.7,-92.0,748.4,
189.2,3662.0,-617.7,-100.1,625.8,
187.5,4067.1,-731.6,-95.7,737.8,
187.1,3389.0,-618.3,-77.0,623.1,
185.7,3794.1,-732.1,-72.6,735.7,
187.6,3389.4,-607.2,-80.8,612.5,
186.1,3794.6,-721.0,-76.4,725.1,
188.6,3661.1,-627.3,-95.0,634.4,
187.0,4066.2,-741.1,-90.6,746.7,
189.1,3661.5,-616.2,-98.8,624.0,
187.4,4066.7,-730.0,-94.4,736.1,
187.2,3389.5,-619.2,-78.7,624.2,
185.8,3794.6,-733.0,-74.4,736.8,
187.7,3389.9,-608.0,-82.5,613.6,
186.2,3795.0,-721.9,-78.1,726.1,
188.8,3661.6,-628.2,-96.7,635.6,
187.1,4066.7,-742.0,-92.4,747.7,
189.2,3662.0,-617.0,-100.5,625.2,
187.5,4067.1,-730.9,-96.1,737.2,
187.0,3389.0,-619.2,-76.5,623.9,
185.6,3794.1,-733.0,-72.1,736.6,
187.5,3389.4,-608.0,-80.3,613.3,
186.0,3794.6,-721.9,-75.9,725.9,
188.6,3661.1,-628.2,-94.5,635.2,
186.9,4066.2,-742.0,-90.1,747.5,
189.0,3661.5,-617.0,-98.3,624.8,
187.3,4066.7,-730.9,-93.9,736.9,
187.2,3389.5,-620.0,-78.2,625.0,
185.7,3794.6,-733.9,-73.9,737.6,
187.7,3389.9,-608.9,-82.0,614.4,
186.1,3795.0,-722.8,-77.6,726.9,
188.7,3661.6,-629.0,-96.2,636.4,
187.0,4066.7,-742.9,-91.9,748.5,
189.2,3662.0,-617.9,-100.0,625.9,
187.4,4067.1,-731.8,-95.6,738.0,
187.1,3389.0,-618.1,-77.1,622.9,
185.7,3794.1,-732.0,-72.8,735.6,
188.6,3661.1,-627.1,-95.1,634.3,
187.0,4066.2,-741.0,-90.8,746.5,
186.0,3383.7,-621.4,-65.5,624.8,
184.8,3788.9,-735.2,-61.1,737.8,
187.5,3655.8,-630.4,-83.5,635.9,
186.1,4061.0,-744.2,-79.1,748.4,
187.3,3389.5,-619.0,-78.8,624.0,
185.8,3794.6,-732.8,-74.5,736.6,
188.8,3661.6,-628.0,-96.8,635.4,
187.1,4066.7,-741.8,-92.5,747.6,
186.2,3384.2,-622.3,-67.2,625.9,
184.9,3789.4,-736.1,-62.8,738.8,
187.7,3656.3,-631.3,-85.2,637.0,
186.2,4061.5,-745.1,-80.8,749.5,
187.1,3389.0,-619.0,-76.6,623.7,
185.6,3794.1,-732.8,-72.3,736.4,
188.6,3661.1,-628.0,-94.6,635.1,
186.9,4066.2,-741.8,-90.3,747.3,
186.0,3383.7,-622.3,-65.0,625.6,
184.7,3788.9,-736.1,-60.6,738.6,
187.5,3655.8,-631.3,-83.0,636.7,
186.0,4061.0,-745.1,-78.6,749.2,
187.2,3389.5,-619.9,-78.3,624.8,
185.8,3794.6,-733.7,-74.0,737.4,
188.7,3661.6,-628.9,-96.3,636.2,
187.1,4066.7,-742.7,-92.0,748.4,
186.1,3384.2,-623.1,-66.7,626.7,
184.8,3789.4,-737.0,-62.3,739.6,
187.6,3656.3,-632.1,-84.7,637.8,
186.1,4061.5,-746.0,-80.3,750.3,
187.1,3389.0,-618.3,-77.0,623.1,
185.7,3794.1,-732.1,-72.6,735.7,
188.6,3661.1,-627.3,-95.0,634.4,
187.0,4066.2,-741.1,-90.6,746.7,
186.0,3383.7,-621.6,-65.4,625.0,
184.7,3788.9,-735.4,-61.0,737.9,
187.5,3655.8,-630.6,-83.4,636.1,
186.1,4061.0,-744.4,-79.0,748.6,
187.2,3389.5,-619.2,-78.7,624.2,
185.8,3794.6,-733.0,-74.4,736.8,
188.8,3661.6,-628.2,-96.7,635.6,
187.1,4066.7,-742.0,-92.4,747.7,
186.2,3384.2,-622.4,-67.1,626.1,
184.9,3789.4,-736.3,-62.7,739.0,
187.7,3656.3,-631.4,-85.1,637.2,
186.2,4061.5,-745.3,-80.7,749.7,
187.0,3389.0,-619.2,-76.5,623.9,
185.6,3794.1,-733.0,-72.1,736.6,
188.6,3661.1,-628.2,-94.5,635.2,
186.9,4066.2,-742.0,-90.1,747.5,
185.9,3383.7,-622.4,-64.9,625.8,
184.7,3788.9,-736.3,-60.5,738.8,
187.5,3655.8,-631.4,-82.9,636.9,
186.0,4061.0,-745.3,-78.5,749.4,
187.2,3389.5,-620.0,-78.2,625.0,
185.7,3794.6,-733.9,-73.9,737.6,
188.7,3661.6,-629.0,-96.2,636.4,
187.0,4066.7,-742.9,-91.9,748.5,
186.1,3384.2,-623.3,-66.6,626.9,
184.8,3789.4,-737.2,-62.2,739.8,
187.6,3656.3,-632.3,-84.6,637.9,
186.1,4061.5,-746.2,-80.2,750.5,
187.1,3389.0,-618.1,-77.1,622.9,
185.7,3794.1,-732.0,-72.8,735.6,
188.2,3383.7,-614.8,-88.7,621.2,
186.6,3788.9,-728.7,-84.4,733.6,
188.6,3661.1,-627.1,-95.1,634.3,
187.0,4066.2,-741.0,-90.8,746.5,
189.7,3655.8,-623.8,-106.7,632.9,
187.9,4061.0,-737.7,-102.4,744.8,
187.3,3389.5,-619.0,-78.8,624.0,
185.8,3794.6,-732.8,-74.5,736.6,
188.4,3384.2,-615.7,-90.4,622.3,
186.7,3789.4,-729.6,-86.1,734.6,
188.8,3661.6,-628.0,-96.8,635.4,
187.1,4066.7,-741.8,-92.5,747.6,
189.8,3656.3,-624.7,-108.4,634.1,
188.0,4061.5,-738.6,-104.1,745.9,
187.1,3389.0,-619.0,-76.6,623.7,
185.6,3794.1,-732.8,-72.3,736.4,
188.2,3383.7,-615.7,-88.2,622.0,
186.6,3788.9,-729.6,-83.9,734.4,
188.6,3661.1,-628.0,-94.6,635.1,
186.9,4066.2,-741.8,-90.3,747.3,
189.7,3655.8,-624.7,-106.2,633.7,
187.9,4061.0,-738.6,-101.9,745.5,
187.2,3389.5,-619.9,-78.3,624.8,
185.8,3794.6,-733.7,-74.0,737.4,
188.3,3384.2,-616.6,-89.9,623.1,
186.7,3789.4,-730.4,-85.6,735.4,
188.7,3661.6,-628.9,-96.3,636.2,
187.1,4066.7,-742.7,-92.0,748.4,
189.8,3656.3,-625.6,-107.9,634.8,
188.0,4061.5,-739.4,-103.6,746.7,
187.1,3389.0,-618.3,-77.0,623.1,
185.7,3794.1,-732.1,-72.6,735.7,
188.2,3383.7,-615.0,-88.6,621.4,
186.6,3788.9,-728.9,-84.3,733.7,
188.6,3661.1,-627.3,-95.0,634.4,
187.0,4066.2,-741.1,-90.6,746.7,
189.7,3655.8,-624.0,-106.6,633.1,
187.9,4061.0,-737.9,-102.3,744.9,
187.2,3389.5,-619.2,-78.7,624.2,
185.8,3794.6,-733.0,-74.4,736.8,
188.3,3384.2,-615.9,-90.3,622.5,
186.7,3789.4,-729.7,-86.0,734.8,
188.8,3661.6,-628.2,-96.7,635.6,
187.1,4066.7,-742.0,-92.4,747.7,
189.8,3656.3,-624.9,-108.3,634.2,
188.0,4061.5,-738.7,-104.0,746.0,
187.0,3389.0,-619.2,-76.5,623.9,
185.6,3794.1,-733.0,-72.1,736.6,
188.1,3383.7,-615.9,-88.1,622.2,
186.5,3788.9,-729.7,-83.8,734.5,
188.6,3661.1,-628.2,-94.5,635.2,
186.9,4066.2,-742.0,-90.1,747.5,
189.6,3655.8,-624.9,-106.1,633.8,
187.8,4061.0,-738.7,-101.8,745.7,
187.2,3389.5,-620.0,-78.2,625.0,
185.7,3794.6,-733.9,-73.9,737.6,
188.3,3384.2,-616.8,-89.8,623.3,
186.7,3789.4,-730.6,-85.5,735.6,
188.7,3661.6,-629.0,-96.2,636.4,
187.0,4066.7,-742.9,-91.9,748.5,
189.8,3656.3,-625.8,-107.8,635.0,
188.0,4061.5,-739.6,-103.5,746.8,
187.1,3389.0,-618.1,-77.1,622.9,
185.7,3794.1,-732.0,-72.8,735.6,
186.6,3389.4,-629.2,-73.3,633.5,
185.3,3794.6,-743.1,-69.0,746.3,
188.6,3661.1,-627.1,-95.1,634.3,
187.0,4066.2,-741.0,-90.8,746.5,
188.1,3661.5,-638.2,-91.3,644.7,
186.6,4066.7,-752.1,-87.0,757.1,
187.3,3389.5,-619.0,-78.8,624.0,
185.8,3794.6,-732.8,-74.5,736.6,
186.8,3389.9,-630.1,-75.0,634.6,
185.4,3795.0,-744.0,-70.7,747.3,
188.8,3661.6,-628.0,-96.8,635.4,
187.1,4066.7,-741.8,-92.5,747.6,
188.3,3662.0,-639.1,-93.0,645.9,
186.7,4067.1,-753.0,-88.7,758.2,
187.1,3389.0,-619.0,-76.6,623.7,
185.6,3794.1,-732.8,-72.3,736.4,
186.6,3389.4,-630.1,-72.8,634.3,
185.3,3794.6,-744.0,-68.5,747.1,
188.6,3661.1,-628.0,-94.6,635.1,
186.9,4066.2,-741.8,-90.3,747.3,
188.1,3661.5,-639.1,-90.8,645.5,
186.6,4066.7,-753.0,-86.5,757.9,
187.2,3389.5,-619.9,-78.3,624.8,
185.8,3794.6,-733.7,-74.0,737.4,
186.7,3389.9,-631.0,-74.5,635.4,
185.4,3795.0,-744.8,-70.2,748.1,
188.7,3661.6,-628.9,-96.3,636.2,
187.1,4066.7,-742.7,-92.0,748.4,
188.2,3662.0,-640.0,-92.5,646.6,
186.7,4067.1,-753.8,-88.2,759.0,
187.1,3389.0,-618.3,-77.0,623.1,
185.7,3794.1,-732.1,-72.6,735.7,
186.6,3389.4,-629.4,-73.2,633.7,
185.3,3794.6,-743.3,-68.9,746.5,
188.6,3661.1,-627.3,-95.0,634.4,
187.0,4066.2,-741.1,-90.6,746.7,
188.1,3661.5,-638.4,-91.2,644.9,
186.6,4066.7,-752.3,-86.9,757.3,
187.2,3389.5,-619.2,-78.7,624.2,
185.8,3794.6,-733.0,-74.4,736.8,
186.8,3389.9,-630.3,-74.9,634.7,
185.4,3795.0,-744.2,-70.6,747.5,
188.8,3661.6,-628.2,-96.7,635.6,
187.1,4066.7,-742.0,-92.4,747.7,
188.3,3662.0,-639.3,-92.9,646.0,
186.7,4067.1,-753.2,-88.6,758.3,
187.0,3389.0,-619.2,-76.5,623.9,
185.6,3794.1,-733.0,-72.1,736.6,
186.6,3389.4,-630.3,-72.7,634.5,
185.2,3794.6,-744.1,-68.4,747.3,
188.6,3661.1,-628.2,-94.5,635.2,
186.9,4066.2,-742.0,-90.1,747.5,
188.1,3661.5,-639.3,-90.7,645.7,
186.5,4066.7,-753.1,-86.4,758.1,
187.2,3389.5,-620.0,-78.2,625.0,
185.7,3794.6,-733.9,-73.9,737.6,
186.7,3389.9,-631.2,-74.4,635.5,
185.4,3795.0,-745.0,-70.1,748.3,
188.7,3661.6,-629.0,-96.2,636.4,
187.0,4066.7,-742.9,-91.9,748.5,
188.2,3662.0,-640.2,-92.4,646.8,
186.7,4067.1,-754.0,-88.1,759.1,
187.1,3389.0,-618.1,-77.1,622.9,
185.7,3794.1,-732.0,-72.8,735.6,
187.6,3389.4,-607.0,-80.9,612.3,
186.1,3794.6,-720.8,-76.5,724.9,
188.6,3661.1,-627.1,-95.1,634.3,
187.0,4066.2,-741.0,-90.8,746.5,
189.1,3661.5,-616.0,-98.9,623.9,
187.4,4066.7,-729.8,-94.5,735.9,
187.3,3389.5,-619.0,-78.8,624.0,
185.8,3794.6,-732.8,-74.5,736.6,
187.7,3389.9,-607.9,-82.6,613.4,
186.2,3795.0,-721.7,-78.2,725.9,
188.8,3661.6,-628.0,-96.8,635.4,
187.1,4066.7,-741.8,-92.5,747.6,
189.3,3662.0,-616.9,-100.6,625.0,
187.5,4067.1,-730.7,-96.2,737.0,
187.1,3389.0,-619.0,-76.6,623.7,
185.6,3794.1,-732.8,-72.3,736.4,
187.5,3389.4,-607.8,-80.4,613.1,
186.0,3794.6,-721.7,-76.0,725.7,
188.6,3661.1,-628.0,-94.6,635.1,
186.9,4066.2,-741.8,-90.3,747.3,
189.1,3661.5,-616.8,-98.4,624.6,
187.3,4066.7,-730.7,-94.0,736.7,
187.2,3389.5,-619.9,-78.3,624.8,
185.8,3794.6,-733.7,-74.0,737.4,
187.7,3389.9,-608.7,-82.1,614.2,
186.1,3795.0,-722.6,-77.7,726.7,
188.7,3661.6,-628.9,-96.3,636.2,
187.1,4066.7,-742.7,-92.0,748.4,
189.2,3662.0,-617.7,-100.1,625.8,
187.5,4067.1,-731.6,-95.7,737.8,
187.1,3389.0,-618.3,-77.0,623.1,
185.7,3794.1,-732.1,-72.6,735.7,
187.6,3389.4,-607.2,-80.8,612.5,
186.1,3794.6,-721.0,-76.4,725.1,
188.6,3661.1,-627.3,-95.0,634.4,
187.0,4066.2,-741.1,-90.6,746.7,
189.1,3661.5,-616.2,-98.8,624.0,
187.4,4066.7,-730.0,-94.4,736.1,
187.2,3389.5,-619.2,-78.7,624.2,
185.8,3794.6,-733.0,-74.4,736.8,
187.7,3389.9,-608.0,-82.5,613.6,
186.2,3795.0,-721.9,-78.1,726.1,
188.8,3661.6,-628.2,-96.7,635.6,
187.1,4066.7,-742.0,-92.4,747.7,
189.2,3662.0,-617.0,-100.5,625.2,
187.5,4067.1,-730.9,-96.1,737.2,
187.0,3389.0,-619.2,-76.5,623.9,
185.6,3794.1,-733.0,-72.1,736.6,
187.5,3389.4,-608.0,-80.3,613.3,
186.0,3794.6,-721.9,-75.9,725.9,
188.6,3661.1,-628.2,-94.5,635.2,
186.9,4066.2,-742.0,-90.1,747.5,
189.0,3661.5,-617.0,-98.3,624.8,
187.3,4066.7,-730.9,-93.9,736.9,
187.2,3389.5,-620.0,-78.2,625.0,
185.7,3794.6,-733.9,-73.9,737.6,
187.7,3389.9,-608.9,-82.0,614.4,
186.1,3795.0,-722.8,-77.6,726.9,
188.7,3661.6,-629.0,-96.2,636.4,
187.0,4066.7,-742.9,-91.9,748.5,
189.2,3662.0,-617.9,-100.0,625.9,
187.4,4067.1,-731.8,-95.6,738.0,
186.3,4515.0,-819.0,-91.0,824.0,
178.4,4956.0,-1068.2,29.4,1068.6,
187.9,4877.8,-831.0,-115.0,838.9,
179.7,5318.8,-1080.2,5.4,1080.2,
183.1,4494.0,-832.1,-44.5,833.3,
176.0,4935.0,-1081.3,75.9,1084.0,
184.6,4856.8,-844.1,-68.5,846.9,
177.3,5297.8,-1093.3,51.9,1094.5,
185.0,5055.2,-970.8,-85.2,974.5,
178.3,5496.2,-1220.0,35.2,1220.5,
186.3,5418.0,-982.8,-109.2,988.8,
179.5,5859.0,-1232.0,11.2,1232.1,
182.3,5034.2,-983.9,-38.7,984.7,
176.2,5475.2,-1233.1,81.7,1235.8,
183.6,5397.0,-995.9,-62.7,997.9,
177.3,5838.0,-1245.1,57.7,1246.4,
187.8,4521.2,-830.5,-113.3,838.2,
179.6,4962.2,-1079.7,7.1,1079.7,
189.3,4884.0,-842.5,-137.3,853.6,
180.9,5325.0,-1091.7,-16.9,1091.8,
184.5,4500.2,-843.6,-66.8,846.2,
177.2,4941.2,-1092.8,53.6,1094.1,
186.1,4863.0,-855.6,-90.8,860.4,
178.5,5304.0,-1104.8,29.6,1105.2,
186.2,5061.4,-982.3,-107.5,988.1,
179.4,5502.4,-1231.5,12.9,1231.5,
187.5,5424.2,-994.3,-131.5,1002.9,
180.5,5865.2,-1243.5,-11.1,1243.5,
183.5,5040.4,-995.4,-61.0,997.2,
177.3,5481.4,-1244.6,59.4,1246.0,
184.8,5403.2,-1007.4,-85.0,1011.0,
178.4,5844.2,-1256.6,35.4,1257.1,
186.3,4515.0,-819.0,-91.0,824.0,
178.4,4956.0,-1068.2,29.4,1068.6,
187.9,4877.8,-831.0,-115.0,838.9,
179.7,5318.8,-1080.2,5.4,1080.2,
185.0,5055.2,-970.8,-85.2,974.5,
178.3,5496.2,-1220.0,35.2,1220.5,
186.3,5418.0,-982.8,-109.2,988.8,
179.5,5859.0,-1232.0,11.2,1232.1,
189.7,4494.0,-805.9,-137.5,817.5,
180.9,4935.0,-1055.1,-17.1,1055.2,
191.2,4856.8,-817.9,-161.5,833.7,
182.2,5297.8,-1067.1,-41.1,1067.9,
187.8,5034.2,-957.7,-131.7,966.7,
180.5,5475.2,-1206.9,-11.3,1206.9,
189.1,5397.0,-969.7,-155.7,982.1,
181.7,5838.0,-1218.9,-35.3,1219.4,
187.8,4521.2,-830.5,-113.3,838.2,
179.6,4962.2,-1079.7,7.1,1079.7,
189.3,4884.0,-842.5,-137.3,853.6,
180.9,5325.0,-1091.7,-16.9,1091.8,
186.2,5061.4,-982.3,-107.5,988.1,
179.4,5502.4,-1231.5,12.9,1231.5,
187.5,5424.2,-994.3,-131.5,1002.9,
180.5,5865.2,-1243.5,-11.1,1243.5,
191.1,4500.2,-817.4,-159.9,832.9,
182.1,4941.2,-1066.6,-39.5,1067.3,
192.5,4863.0,-829.4,-183.9,849.5,
183.4,5304.0,-1078.6,-63.5,1080.4,
189.0,5040.4,-969.2,-154.1,981.3,
181.6,5481.4,-1218.4,-33.7,1218.8,
190.3,5403.2,-981.2,-178.1,997.2,
182.7,5844.2,-1230.4,-57.7,1231.7,
186.3,4515.0,-819.0,-91.0,824.0,
178.4,4956.0,-1068.2,29.4,1068.6,
187.9,4877.8,-831.0,-115.0,838.9,
179.7,5318.8,-1080.2,5.4,1080.2,
185.0,5055.2,-970.8,-85.2,974.5,
178.3,5496.2,-1220.0,35.2,1220.5,
186.3,5418.0,-982.8,-109.2,988.8,
179.5,5859.0,-1232.0,11.2,1232.1,
187.8,4521.2,-830.5,-113.3,838.2,
179.6,4962.2,-1079.7,7.1,1079.7,
189.3,4884.0,-842.5,-137.3,853.6,
180.9,5325.0,-1091.7,-16.9,1091.8,
186.2,5061.4,-982.3,-107.5,988.1,
179.4,5502.4,-1231.5,12.9,1231.5,
187.5,5424.2,-994.3,-131.5,1002.9,
180.5,5865.2,-1243.5,-11.1,1243.5,
185.0,4516.7,-863.5,-75.9,866.8,
177.7,4957.7,-1112.7,44.5,1113.6,
186.5,4879.5,-875.5,-99.9,881.2,
179.0,5320.5,-1124.7,20.5,1124.9,
183.9,5056.9,-1015.3,-70.1,1017.7,
177.7,5497.9,-1264.5,50.3,1265.5,
185.2,5419.7,-1027.3,-94.1,1031.6,
178.8,5860.7,-1276.5,26.3,1276.8,
186.4,4522.8,-875.0,-98.2,880.5,
178.9,4963.8,-1124.2,22.2,1124.4,
187.8,4885.6,-887.0,-122.2,895.4,
180.1,5326.6,-1136.2,-1.8,1136.2,
185.1,5063.0,-1026.8,-92.4,1030.9,
178.7,5504.0,-1276.0,28.0,1276.3,
186.4,5425.8,-1038.8,-116.4,1045.3,
179.8,5866.8,-1288.0,4.0,1288.0,
186.3,4515.0,-819.0,-91.0,824.0,
178.4,4956.0,-1068.2,29.4,1068.6,
187.9,4877.8,-831.0,-115.0,838.9,
179.7,5318.8,-1080.2,5.4,1080.2,
185.0,5055.2,-970.8,-85.2,974.5,
178.3,5496.2,-1220.0,35.2,1220.5,
186.3,5418.0,-982.8,-109.2,988.8,
179.5,5859.0,-1232.0,11.2,1232.1,
187.8,4516.7,-774.5,-106.1,781.7,
179.2,4957.7,-1023.7,14.3,1023.8,
189.4,4879.5,-786.5,-130.1,797.2,
180.5,5320.5,-1035.7,-9.7,1035.7,
186.2,5056.9,-926.3,-100.3,931.7,
179.0,5497.9,-1175.5,20.1,1175.7,
187.5,5419.7,-938.3,-124.3,946.5,
180.2,5860.7,-1187.5,-3.9,1187.5,
187.8,4521.2,-830.5,-113.3,838.2,
179.6,4962.2,-1079.7,7.1,1079.7,
189.3,4884.0,-842.5,-137.3,853.6,
180.9,5325.0,-1091.7,-16.9,1091.8,
186.2,5061.4,-982.3,-107.5,988.1,
179.4,5502.4,-1231.5,12.9,1231.5,
187.5,5424.2,-994.3,-131.5,1002.9,
180.5,5865.2,-1243.5,-11.1,1243.5,
189.3,4522.8,-785.9,-128.5,796.4,
180.4,4963.8,-1035.1,-8.1,1035.2,
190.8,4885.6,-797.9,-152.5,812.4,
181.8,5326.6,-1047.1,-32.1,1047.6,
187.5,5063.0,-937.7,-122.7,945.7,
180.1,5504.0,-1186.9,-2.3,1186.9,
188.8,5425.8,-949.7,-146.7,961.0,
181.3,5866.8,-1198.9,-26.3,1199.2,
186.3,4515.0,-819.0,-91.0,824.0,
180.4,4823.7,-993.4,-6.7,993.5,
187.9,4877.8,-831.0,-115.0,838.9,
181.8,5186.5,-1005.4,-30.7,1005.9,
185.0,5055.2,-970.8,-85.2,974.5,
180.0,5363.9,-1145.2,-0.9,1145.2,
186.3,5418.0,-982.8,-109.2,988.8,
181.2,5726.7,-1157.2,-24.9,1157.5,
186.3,4515.0,-819.0,-91.0,824.0,
180.4,4823.7,-993.4,-6.7,993.5,
187.9,4877.8,-831.0,-115.0,838.9,
181.8,5186.5,-1005.4,-30.7,1005.9,
185.0,5055.2,-970.8,-85.2,974.5,
180.0,5363.9,-1145.2,-0.9,1145.2,
186.3,5418.0,-982.8,-109.2,988.8,
181.2,5726.7,-1157.2,-24.9,1157.5,
187.8,4521.2,-830.5,-113.3,838.2,
181.7,4829.9,-1004.9,-29.1,1005.3,
189.3,4884.0,-842.5,-137.3,853.6,
183.0,5192.7,-1016.9,-53.1,1018.3,
186.2,5061.4,-982.3,-107.5,988.1,
181.2,5370.1,-1156.7,-23.3,1156.9,
187.5,5424.2,-994.3,-131.5,1002.9,
182.3,5732.9,-1168.7,-47.3,1169.7,
187.8,4521.2,-830.5,-113.3,838.2,
181.7,4829.9,-1004.9,-29.1,1005.3,
189.3,4884.0,-842.5,-137.3,853.6,
183.0,5192.7,-1016.9,-53.1,1018.3,
186.2,5061.4,-982.3,-107.5,988.1,
181.2,5370.1,-1156.7,-23.3,1156.9,
187.5,5424.2,-994.3,-131.5,1002.9,
182.3,5732.9,-1168.7,-47.3,1169.7,
177.8,3646.4,-1024.7,39.2,1025.4,
174.1,3955.1,-1199.1,123.4,1205.4,
177.8,3646.4,-1024.7,39.2,1025.4,
174.1,3955.1,-1199.1,123.4,1205.4,
179.1,3652.5,-1036.1,16.8,1036.3,
175.2,3961.2,-1210.6,101.1,1214.8,
179.1,3652.5,-1036.1,16.8,1036.3,
175.2,3961.2,-1210.6,101.1,1214.8,
186.3,4515.0,-819.0,-91.0,824.0,
178.4,4956.0,-1068.2,29.4,1068.6,
187.9,4877.8,-831.0,-115.0,838.9,
179.7,5318.8,-1080.2,5.4,1080.2,
185.0,5055.2,-970.8,-85.2,974.5,
178.3,5496.2,-1220.0,35.2,1220.5,
186.3,5418.0,-982.8,-109.2,988.8,
179.5,5859.0,-1232.0,11.2,1232.1,
186.3,4515.0,-819.0,-91.0,824.0,
178.4,4956.0,-1068.2,29.4,1068.6,
187.9,4877.8,-831.0,-115.0,838.9,
179.7,5318.8,-1080.2,5.4,1080.2,
185.0,5055.2,-970.8,-85.2,974.5,
178.3,5496.2,-1220.0,35.2,1220.5,
186.3,5418.0,-982.8,-109.2,988.8,
179.5,5859.0,-1232.0,11.2,1232.1,
187.8,4521.2,-830.5,-113.3,838.2,
179.6,4962.2,-1079.7,7.1,1079.7,
189.3,4884.0,-842.5,-137.3,853.6,
180.9,5325.0,-1091.7,-16.9,1091.8,
186.2,5061.4,-982.3,-107.5,988.1,
179.4,5502.4,-1231.5,12.9,1231.5,
187.5,5424.2,-994.3,-131.5,1002.9,
180.5,5865.2,-1243.5,-11.1,1243.5,
187.8,4521.2,-830.5,-113.3,838.2,
179.6,4962.2,-1079.7,7.1,1079.7,
189.3,4884.0,-842.5,-137.3,853.6,
180.9,5325.0,-1091.7,-16.9,1091.8,
186.2,5061.4,-982.3,-107.5,988.1,
179.4,5502.4,-1231.5,12.9,1231.5,
187.5,5424.2,-994.3,-131.5,1002.9,
180.5,5865.2,-1243.5,-11.1,1243.5,
186.3,4515.0,-819.0,-91.0,824.0,
180.4,4823.7,-993.4,-6.7,993.5,
187.9,4877.8,-831.0,-115.0,838.9,
181.8,5186.5,-1005.4,-30.7,1005.9,
185.0,5055.2,-970.8,-85.2,974.5,
180.0,5363.9,-1145.2,-0.9,1145.2,
186.3,5418.0,-982.8,-109.2,988.8,
181.2,5726.7,-1157.2,-24.9,1157.5,
186.3,4515.0,-819.0,-91.0,824.0,
180.4,4823.7,-993.4,-6.7,993.5,
187.9,4877.8,-831.0,-115.0,838.9,
181.8,5186.5,-1005.4,-30.7,1005.9,
185.0,5055.2,-970.8,-85.2,974.5,
180.0,5363.9,-1145.2,-0.9,1145.2,
186.3,5418.0,-982.8,-109.2,988.8,
181.2,5726.7,-1157.2,-24.9,1157.5,
188.4,4523.8,-835.4,-122.9,844.4,
182.2,4832.5,-1009.8,-38.6,1010.6,
189.8,4886.6,-847.4,-146.9,860.0,
183.5,5195.3,-1021.8,-62.6,1023.7,
186.8,5064.0,-987.2,-117.1,994.1,
181.6,5372.7,-1161.6,-32.8,1162.1,
188.0,5426.8,-999.2,-141.1,1009.1,
182.8,5735.5,-1173.6,-56.8,1175.0,
188.4,4523.8,-835.4,-122.9,844.4,
182.2,4832.5,-1009.8,-38.6,1010.6,
189.8,4886.6,-847.4,-146.9,860.0,
183.5,5195.3,-1021.8,-62.6,1023.7,
186.8,5064.0,-987.2,-117.1,994.1,
181.6,5372.7,-1161.6,-32.8,1162.1,
188.0,5426.8,-999.2,-141.1,1009.1,
182.8,5735.5,-1173.6,-56.8,1175.0,
